3.089244568308405547e+00
1.017705122779877680e+00
-2.465331544589262958e+00
6.646375098737900000e-01
-1.234163590128144250e+00
2.235619045536501481e+00
1.642478868527038838e+00
-4.487816289446935197e-02
-9.154169064476286310e-01
3.298294866733599839e-01
5.129292189854560924e+00
-1.695569296348782062e+00
2.936821505452803516e-01
-6.869004784870129665e-01
-1.005039809575341003e+00
2.443225863624476801e+00
-1.398086333095591272e+00
1.162965585682000258e+00
-2.396432478829997326e-01
-4.773907110666844589e-01
2.245065400313962511e-01
1.765916915738132031e+00
-5.328788095919301249e-03
-1.717493846224040110e+00
4.448066540038420058e-01
1.678334823341266269e+00
-1.477097852043034010e+00
-7.073867736181033150e-02
5.648418862917348182e-01
3.273451604631055112e+00
2.327000715026500632e+00
-9.910043778332942033e-01
-9.400674213228085718e-03
2.899325058724632198e-01
-1.131804146027441282e+00
-3.555705739461598736e-01
-4.454357022173526248e-01
1.226631527214506745e-01
-7.317717856623362493e-02
1.377847204677796089e+00
-3.415488677043296839e-01
-1.531905240320936334e+00
1.746340209020660339e+00
-2.255563769489807413e+00
8.319857611857253143e-01
1.783163170368992745e+00
8.124206588866120793e-01
-1.409269490770559408e+00
2.153268165258827693e+00
-4.088347707363915173e-02
-1.641992540899889885e+00
-1.643703121608471207e+00
-2.274588230723435522e+00
-1.328408572250714403e+00
-2.549335554800269410e-02
-1.493863712491052764e+00
7.482550993899593772e-01
6.162018611662802847e-01
-8.245215609958913561e-01
3.448403470191176545e+00
-9.116774437450101409e-01
2.419167970452287708e+00
2.821472718832693793e+00
-7.193938136490465318e-01
1.220144636974133778e+00
6.972929266805314441e-01
2.505375668298855940e-01
-9.495223274529935864e-01
7.004120827575542885e-01
-1.929714064830431175e+00
-3.354925449084430467e-01
4.182172062344999830e+00
-1.158358731703936551e+00
-5.923642466365780512e-02
-2.023772990308098318e+00
-7.200008701202537109e-01
2.277944361789864924e+00
-2.539475247326652974e-01
-4.688005196548932219e+00
1.663526832841396574e+00
-6.118082518518742630e-01
-1.017496915336046914e+00
8.155632670853777411e-01
-7.718026118956247128e-01
-5.544908412439815137e-01
3.704298396490433576e-01
2.804474881321435298e+00
-7.854970330152579727e-01
1.265434469930453609e+00
8.005553059391368187e-01
1.279642762226916412e-02
-9.403206440519523701e-01
-3.256461700252739178e+00
-2.881804952305860645e+00
-1.435321059181200676e+00
-3.000854950308978975e+00
-1.541356128161285977e+00
-9.783360168970139936e-02
3.605267587915404803e+00
-3.033272173650322645e-01
-2.429562984831492134e+00
-1.784012233616933951e-01
2.005777606332578955e+00
2.181688244543774358e-01
3.084991433090509272e-01
9.613227627987039892e-01
3.082269976712125326e-01
8.083404537958890357e-01
1.615974832095554148e-02
4.659463870981264133e-01
1.602737782344101913e-02
-6.371771888112389703e-01
1.188814489196184931e-01
2.785778507255292524e+00
1.944025696768499012e+00
-2.569955288266899451e+00
-3.440903307296375724e-01
-2.837237744977686660e+00
1.098716493131937533e+00
-1.767365221730904157e+00
-2.667287272777777440e-01
2.915108897768832197e+00
1.499018946104840211e+00
1.932966460075625781e-01
-5.122123154753028818e-01
-2.124925146074998494e+00
-2.471596925845937598e+00
-2.349880927965960264e+00
-8.952246847609905966e-01
-7.208050812473671964e-01
-3.832166428962187510e+00
7.378190966228937997e-01
-1.291843843606053976e+00
1.801549358257721112e+00
1.804876517379630396e+00
1.177991441477562740e+00
6.534679599596270316e-01
-1.001950220724801000e-01
-1.327983637151571861e+00
-2.249269836378949616e+00
9.408409468441274459e-01
9.073258841595374102e-01
4.546689252832611383e-02
1.250810141075527904e-01
-5.049313559019975584e-01
8.633729896702185824e-01
-4.344314406404953033e+00
-2.181127098925605967e-02
1.936440355975924676e-01
8.982300862219746440e-01
1.075600155936723645e+00
-1.973089311360474829e+00
-1.703740514591279620e+00
-7.141553121140478133e-01
-1.355716741321905783e+00
5.929499095832267974e-01
1.022345086179075047e+00
9.671310249453152208e-01
3.939263041128310494e+00
2.183706094270656539e-01
2.206337192223119636e+00
-6.881357199524987811e-01
-6.454406050572953912e-01
-1.893865593591252505e+00
1.219016617290513693e+00
-2.978371523007128374e-02
2.120521070137334707e+00
-2.948513928171643705e+00
2.372942931074439876e+00
-6.607064744807509271e-01
-3.293185222266323819e-01
-5.504348275478441188e-01
6.378714694443119448e-01
2.244259240061773353e-01
2.412230204551964796e+00
-1.233751457608886826e+00
-1.289712381939882135e+00
-2.609783379543531012e+00
2.604014694349567449e+00
5.137472747139153473e-01
-1.039291561079434434e+00
1.117570686766329313e+00
-7.196449911897258023e-01
-5.657583725275554531e-01
-7.653156916692738232e-01
-7.306141362010629692e-01
-8.327095290278317963e-01
-3.409186410010467960e-01
-1.031521979666719879e+00
2.159040606373046955e+00
1.949934261742177544e+00
2.592564913122286541e+00
-1.080351177648457783e+00
-7.830495564688955135e-01
-4.124065923854172699e-01
-1.952671080035991658e+00
-5.330731697586582607e-02
1.527331599276811280e+00
4.397671507264745649e+00
1.127184995967026371e+00
3.710576703132548726e-01
-3.558646307918305607e-01
8.298519388610618996e-01
-1.404436127093744657e+00
7.772102615517875179e-01
3.675067485141573886e+00
-6.204272182654627654e-01
-9.565218059918316751e-01
-1.278846796886815573e+00
1.192719022552751085e+00
9.657504287461604608e-01
-1.520306812662009399e+00
1.730429584524431963e+00
3.906838396170458250e+00
1.647005237518809118e+00
1.081766754495395499e+00
2.612560804714304741e+00
-1.437973271092323202e+00
-1.177494365645063379e+00
2.928092660027885152e+00
-1.130303854888854431e+00
-7.536227809096140984e-02
1.784567706725056047e+00
-3.671519011276506150e-01
7.660077933645077497e-01
-6.570716285155197012e-01
1.402208442094657892e-01
1.113244020990963729e-01
1.474042866935780349e+00
-3.301754285231084385e-02
-1.036901770402604228e+00
1.110247867874748273e+00
2.001651317444251843e-01
2.688533263735553014e+00
-2.205605474296505442e+00
-3.609289039326883941e-01
2.163554870279480014e+00
-1.096782591105817994e+00
-3.723666035555031617e-02
6.918022975086706161e-01
9.839104099780635604e-01
5.780838790461844123e-01
-2.737903791934483966e-01
3.914477344749388021e-01
-5.503828212201278269e-01
1.310753337774624550e+00
2.099635590225330528e+00
2.036831442479454690e+00
-5.250835921993444178e-01
6.301493030729089506e-01
-5.293920678055918927e-01
-1.622672117070234066e+00
-2.593767708185666931e-01
8.355090264151000534e-01
6.756088852537472933e-01
-8.015353191470405703e-01
1.443434350762364593e+00
1.178590307897947165e+00
6.376475294552571560e-01
1.355914991204838271e+00
-2.631103023757239256e+00
1.316429014838272682e+00
1.728657279020796578e+00
2.257695841725819719e+00
1.505718032403092099e+00
