4.106328851401663815e-01
-2.756579254866958539e+00
-2.079008351189061354e+00
1.284050281715511055e+00
-5.183315727695675390e-01
-1.129573758620411983e+00
6.623856999807200552e-01
-4.728274004717263779e+00
-1.658021953088240963e+00
-1.175023523725690078e+00
-1.107361855826850983e+00
-2.808683290536605703e+00
1.004265825271143608e+00
-4.674829532220245554e+00
-3.918461177843397536e-01
-1.925034084005283197e-01
4.368849638602928520e-01
-5.922013774345356030e-01
1.771109042908555198e-01
3.804822058968880538e-02
-6.096958964113849966e-01
-1.700255047893548810e-01
-4.354656839296739967e-01
-1.052916686447818773e+00
-1.112145181762606017e-01
1.313896065233358890e+00
2.185622432451872932e+00
-4.990630751472890925e-01
-1.411767938743127004e+00
-8.937722304768104253e-01
-8.542222369975466245e-01
8.912288042521696041e-02
-1.241657606153359295e+00
-1.325176772622183030e-02
3.417955199304011926e-01
1.754826979130050146e+00
-1.717142408310490254e+00
1.351619778256763382e+00
-6.454784260906957227e-01
-1.567318539509469311e+00
-4.438457817732676780e+00
9.106122403823175837e-01
2.162817759047004795e+00
-2.733089512512616004e+00
-3.284263265446655033e+00
1.881967736946899228e+00
-1.699530081319239105e+00
-2.484127838330102644e+00
-1.107292127924491831e+00
1.105327330162951815e+00
1.171088290533932597e+00
3.294715887713623559e+00
3.279962841363829096e+00
-1.998709304324013392e+00
1.260565033614765573e+00
3.655352096213353996e-01
4.782330261442682695e-01
-6.123981729422058873e-01
-4.104252865165798903e-01
7.207086108232301225e-01
7.057338793414381639e-01
-1.013345290778412400e-01
4.327367470862302778e-01
-1.880854495086613731e+00
-5.443651734152588073e-01
-9.739088026371747198e-01
9.507236893045321047e-01
-7.573164324704547701e-01
4.490183951482429880e-01
1.702185979370876678e+00
-5.002160728425788516e-01
1.040061689876812245e+00
-1.204821325782705843e+00
5.234558824085921991e-01
6.278896838955285720e-01
-9.416174156946144347e-01
2.286622099775685868e+00
-1.165865253505449672e+00
-2.926446174056795968e+00
1.246645548092604416e+00
-1.505563832691158899e+00
-3.949772337565408131e-01
-3.627774415265452856e-01
-6.848227505838210272e-01
4.810534460690432113e-01
8.307651138316530792e-01
-7.879871374682723140e-01
7.084336102471344709e-02
-8.543663394627365459e-02
3.379263924278404385e+00
5.102477563039908848e-01
1.361113561605286626e-01
-1.303031634291950791e+00
-2.982076086435042850e+00
-1.732536086160068933e+00
-8.964080973641863626e-01
1.090639141163335601e+00
-8.047611938243045548e-01
-6.096191904937604544e-01
6.014178259311535601e-01
3.504616743668367840e-02
1.485620697289172343e+00
8.452433280874567523e-02
2.280035038929489333e-01
-6.696061950415257424e-01
6.858322134825729499e-01
-4.032608114768842511e-01
-1.490671402302481408e-01
2.816372497328262892e+00
9.332459299577634537e-01
5.078052491834643689e-01
-4.232411696896745679e-01
-5.121639621006340848e-03
6.742324835372817127e-01
1.562113755146220972e+00
-1.902375179526460292e+00
7.599066623983642410e-01
-2.649172663391033744e+00
-1.409564215811214716e+00
-1.310430009507430049e-01
-5.547666672132400834e-01
-7.178460643933289864e-01
-2.004453750428384140e+00
1.111246409004826019e-01
1.226402125420400280e+00
-6.497582660305940838e-02
-4.559334381249124241e-02
3.753233895613973914e+00
1.771786939585364706e+00
1.396248592331491567e+00
4.525472448860308639e+00
4.395071011199674915e-01
2.476378427870830068e-01
2.711052371551807560e+00
-6.232699787118338719e-01
2.187858069455938637e+00
-3.928498633588023425e-01
1.352163172255523627e+00
1.135571232829625021e+00
8.021228782866333118e-01
7.571852046465592512e-01
1.075945022763794112e+00
-1.735327332972027570e+00
2.292175916046944373e+00
-7.161568623665517767e-03
1.055753487511011723e+00
-1.358501158428031985e+00
-1.154420965478758720e+00
-2.268920276201589203e+00
5.914824007499580594e-01
1.570523940538420371e+00
3.081097151852791871e+00
1.585675365911210777e-01
-1.600257866817210939e+00
2.879070739096597720e+00
2.432930114364659335e+00
2.297039637461472772e+00
-4.889117829861188147e-01
-1.313653281079598223e+00
-1.440361376694357931e-01
-4.660385300995866231e-01
4.419610110225227206e-01
-1.307336297689154936e+00
-1.524365224081492665e+00
-1.220683674899017079e+00
-1.161056900786235691e+00
6.849144100727545537e-01
3.366817222822326094e+00
-2.035565065081317293e+00
-2.018582645162893541e-01
3.395600020463764718e-02
-1.552426386053465279e+00
1.266096447985121998e+00
-2.067414695888087017e+00
-3.935450701300432508e-01
-4.101922653950098030e-01
2.824212698136281952e-01
2.404344217122443839e-01
1.430144300559827442e-01
2.469314606915666399e+00
3.191920965903907725e-01
3.289806686889016341e-01
-1.306065791112170693e+00
1.060501834374210528e+00
1.563763436947716856e-01
1.246228966135890959e+00
1.650075449170806952e+00
3.354562266126150494e+00
8.814076778053132610e-01
8.111092120974283670e-01
9.862097012840864707e-01
-4.812048419228019958e-01
-3.260198152464487131e-02
-2.440170402663392468e-01
8.080362820298180315e-01
-3.731267072683644992e-01
5.345126544465770291e-01
6.248419639800105729e-01
5.628468671608440055e-02
2.755647021542281472e+00
1.025108998861343546e+00
3.794995900930365984e+00
-4.297864757763068866e+00
-5.974139755608033342e-01
-5.514763075348807497e-01
-8.516761126988692254e-01
3.556633731073815419e+00
-2.296618594091200283e+00
7.036740017922245016e-01
-3.894780614629642784e-02
1.017220931972585563e+00
3.042348358873554481e-01
9.750947080442301518e-02
-3.629673767282357577e-01
-4.698281352207813732e-01
1.209220009163683107e+00
-3.822671323516469988e-01
1.931187500977852300e-01
-1.062337928590826763e+00
2.235008218172120031e+00
-5.655129211618967755e-01
2.619028096844618902e-01
6.170880088924484141e-01
-3.660814240635766881e-01
-1.078966368994401126e+00
1.294855110336453397e+00
1.013284458311343617e+00
-5.346739905699416928e-01
-1.571000642330020902e+00
1.308440428806586370e-02
-5.006826374010584502e-01
-1.597928161245589562e+00
-2.727440727022387712e-01
-8.277598925067312097e-01
1.339359236369541684e-01
-1.952351007733862609e+00
1.034912086814528065e+00
4.070244378333690349e+00
4.125071744310239374e+00
5.831683965443605899e-01
-1.249588469228445353e+00
3.346540780331875631e+00
7.170927735159315919e-01
1.193771824690845529e+00
6.152404558326953765e-01
-7.679571401175387946e-01
-2.214496481041578146e+00
-2.456617333897082034e+00
6.541035690294425553e-01
2.526699984808603361e+00
1.099177511566372445e+00
2.024642679323481076e+00
1.512262193710999680e+00
1.551388130908843088e+00
1.516777404165579934e+00
-7.798000004143921249e-01
6.881655808280123798e-01
-1.394273316046065747e-01
3.421827681827761758e+00
-3.919838315615151281e+00
-1.489786927723263599e+00
-3.695335646017142150e-01
-6.294079471386007096e-01
1.633176161951582106e+00
-5.592298273440101664e-01
