1.757165759974935293e+00
4.500576848029841370e-01
1.004973271615647645e+00
9.250439015856252167e-01
-1.728317959855006913e+00
-1.378862760663925435e+00
1.969946850396573912e-01
-2.602613284993143594e+00
2.636036131899153645e+00
-8.613350146991641809e-01
7.552465690439789103e-01
-7.641860307800754093e-01
2.575609456665732822e+00
-1.790262625444150713e+00
-4.504970322570401864e-01
-3.685738758666249337e-01
-8.277175061891417496e-01
2.189192343887638614e+00
-3.288735629336516197e+00
-8.046305607017163464e-01
1.012782574161195104e-01
-7.517344432720007852e-01
-9.295594790358081561e-01
-2.310675815499061425e-01
-5.024511105047398951e-01
-1.012647751961689213e+00
-1.596838800987783635e+00
-4.356669598834446711e-01
2.543605072401502465e+00
-4.978722606509508708e+00
2.087965333071196972e-01
-1.611094519568637251e+00
3.965351796609336343e+00
-1.901709558887600515e+00
1.269019611941832659e+00
1.056932390940188982e-01
5.311767195276209108e-01
8.199675598094245954e-01
-1.165994196360330415e+00
7.706496860245724001e-01
7.907400883290867100e-01
9.512312716461213125e-01
-2.793529635680455314e+00
-1.129306089778373101e+00
-9.256002071217138694e-01
-9.593526925777672298e-01
-1.271696148685382388e+00
-1.147091283998083355e+00
2.772372656852029049e-02
-4.226059731178466450e-01
8.677551671195631311e-01
-1.998729744649112128e+00
1.540681827209160026e+00
2.004912045415856880e+00
-3.251115423563430973e-01
-9.384423747925401127e-01
1.316603720974381941e-01
-1.383586288173433321e+00
1.360863593150027473e+00
1.955443020673099053e+00
1.002533336571960643e+00
1.999467060716895617e+00
-1.331400967739381436e+00
-1.563981659883888042e+00
-4.679796074543951523e-01
1.905176074736900649e+00
-1.576147682994194943e+00
2.031046986515604447e-01
3.082265773535965536e+00
-9.623825799211085941e-02
-2.551332402786782527e+00
1.499453027121073756e+00
-8.586802862912014112e-01
1.160362133525895789e+00
-1.151277317043343240e+00
-2.099819816575265730e+00
4.792331901372164360e-01
-5.610398415964950036e-01
-3.445873724136807148e+00
2.924950149147226508e+00
-6.415243739154774527e-01
-2.506299991080446432e+00
1.847249569415305492e+00
2.124965970805815729e+00
2.016628432002356419e-01
-1.269419811585781876e-01
-1.299296004295291240e+00
-1.124692255485992609e+00
-8.441894416708830562e-01
2.719897960817496130e-01
2.487575539178286999e+00
-6.124895411582456095e-01
3.982622103415398018e-02
-1.871120563102061318e+00
-4.097743965382876219e-01
-2.829516377200113064e-01
-2.279169695984049504e+00
-2.445151455924341466e-01
-2.840181474452816435e+00
9.354254347085726451e-01
-8.178265774592609061e-01
1.741183695275473120e+00
2.129439880977532784e-01
-2.135521768194197811e+00
-1.633655858625143953e+00
-1.425181189789350045e+00
9.549469718038571253e-01
-1.897342806812708060e+00
8.717540170411137712e-01
-4.414824883917681242e-01
2.143676278533761970e+00
1.927912760284778315e+00
-2.559190092954957585e+00
-1.736854865131992609e+00
2.084415362277581174e+00
-4.048461598925894855e-01
8.895445586668906390e-01
-9.989321735561973448e-02
-7.829609469849241332e-01
-4.948713195478751103e+00
2.193042201065889540e-01
-1.621155448984099579e-01
1.778212471609828871e+00
-7.545803067022728294e-01
-5.966678670296117204e-01
1.850860936490891895e+00
-4.716653579037252131e-01
1.012152012807213675e+00
-6.786961344477394631e-01
-8.935587445202876067e-01
3.111019109192658227e+00
1.097994086681379350e-01
-1.711803152315027887e-01
1.031697316599967884e+00
-3.109741729284577261e+00
1.040611957459069148e-01
7.314971795393725440e-01
-1.308690742328524781e+00
-1.146955987698204726e+00
-7.196767037694397073e-01
-1.851023622595872720e+00
-7.249768238665432740e-01
7.894930036781140359e-01
7.958329719101289168e-01
1.450976517970223867e+00
-2.254788064657101021e+00
4.072460927161842825e-01
-9.947145765854733535e-01
4.820660812725123812e-01
-2.489160975485347649e+00
1.011551382396665311e+00
3.693330359117266593e+00
7.468697030541686654e-01
-1.950472606847670320e+00
-1.773791143628465683e+00
2.670235038540643036e+00
-3.013268306605607627e+00
-1.297676269611916844e+00
2.890706633593087993e+00
-1.172546975619261023e+00
5.493476308511658912e-01
-1.620610722031094575e+00
-1.133863942303628081e+00
-1.070309835190672354e+00
1.832975460510014587e+00
-5.160830405433973755e-01
-1.507775310760619103e+00
-5.399917778508664945e-01
3.376083177639884747e-01
-1.839646235295799848e+00
-1.925634031605452101e+00
-1.026487051196898204e+00
-8.677653977904093985e-01
-6.670731101166871291e-02
2.041905143401495870e+00
3.328882362654251637e+00
-4.330467101910797090e-01
-7.867961844041047037e-01
-1.314062369673767217e+00
-9.055329329125337834e-01
1.009848068172389812e+00
2.841864244397960260e+00
-2.081992571629307509e+00
1.962793308508739010e-01
-3.354223024404406228e+00
-4.419816612230215713e-01
-1.324721822694700180e+00
2.176898607450085343e+00
-2.079120597948612481e+00
-1.563177867385057151e-02
1.152403261473007312e+00
-1.211521563796535694e-01
1.253360487269438384e+00
1.114457882568297586e+00
1.251803071679292945e+00
-1.161657089345992322e+00
2.518051897415476414e+00
-8.763606258512833813e-01
-8.457780718592859959e-01
2.801408567894495549e-01
8.013625523938041617e-01
3.885575707969702641e+00
1.229491273796961437e+00
2.726368590507957101e+00
-9.641903884560509841e-01
-1.824692440974241991e+00
1.499728688515922226e+00
2.151740706403346692e+00
1.056954769723868148e+00
1.155252766009769783e+00
-2.002370787729143231e+00
3.159190504954810130e+00
9.258880772153026406e-01
2.058798539524856697e+00
-1.492096507773571501e+00
7.774344091364171483e-01
1.366740757538796036e-01
-1.715775004605561982e+00
8.948195130138830722e-02
-5.689279961008532338e-02
-1.771079991154353106e+00
1.266946763200577752e+00
2.642111233129649683e+00
1.527971686537785256e+00
6.754203984257459936e+00
2.272726260126342268e+00
2.110076780057297263e-01
8.002614821741323992e-01
5.398155946843483655e-01
-5.991584320073208847e-01
-2.608834143121858684e-01
-9.531857346821386301e-01
1.480492213796655021e-01
1.676151193788405491e-01
-2.372338142927515214e+00
8.021217096786020795e-01
-5.747997671872205894e-01
-3.292475405145017797e-01
-1.365120445231038371e-02
2.193022236934304703e-01
-3.057719625834539823e+00
-1.511059762133871942e+00
1.577924706491557361e+00
1.173059316639007088e+00
-1.316329557332378997e+00
3.249423955648322426e+00
-7.418460380250674335e-01
-3.303945967133768313e+00
1.680103690730960331e+00
-5.834089337372028172e-01
-1.068048454102304090e+00
4.319526587027673892e-01
-1.251964829807075796e+00
-3.062818007050270630e+00
-8.219126982013853500e-01
-1.364674453491093509e+00
3.390123566886848572e+00
-1.195542611265379529e+00
1.169467224863574017e-01
-8.674739619188294171e-01
2.457535655279300180e+00
-7.082857668912663218e-01
2.353305262168706058e+00
4.965670974014232186e+00
-1.775192137635315026e+00
