-8.403834952184164875e-01
2.880096128569668235e+00
-2.076298282967996844e-01
-2.017498264676786057e+00
-1.158115110542926374e+00
4.726178160851081111e-01
3.166533492489560064e+00
6.358653384099904216e+00
2.173388674352461081e-01
-1.266373833852586284e+00
-1.032885680284885144e-01
1.877314815035163509e+00
-3.765199158691795445e-01
-5.152487711388184510e-02
1.309186340119748437e-01
-7.917253895779013950e-01
1.324496182596794913e+00
1.086124032054275768e+00
-1.541506005888169772e+00
1.623196600570943282e+00
-1.140002615975106659e+00
1.147302576011094422e-01
-3.298618071333124790e-01
1.462078982718107545e+00
-1.055966308392336295e+00
8.468184531742598553e-01
7.363655782598523825e-01
2.606539063033250336e+00
-1.180437705613579302e+00
-4.191351635984648993e+00
1.241355761206867303e+00
2.657417218944933546e-01
-2.868377019257728477e+00
4.173020268261121934e+00
-6.109241467437978024e-01
2.935292057541801114e+00
-2.536854696020199307e-01
-2.409448303539555303e-01
2.630306135279373070e+00
6.491940643778929543e-01
-4.624831987409419032e-01
-1.087139065460373422e+00
-2.952424998297995540e+00
2.154575048329496312e+00
1.409631183201622839e+00
-3.293646266125974886e+00
-1.302815401574507481e+00
-4.109026115178046057e-01
-1.456222985966991512e+00
-1.375773250078632604e+00
-1.056271012435042511e+00
-1.044585134873401433e+00
-2.518065575199329942e+00
-2.069110605204616427e+00
-1.963502717882823045e+00
-1.131797679557673963e-01
2.856291227509615838e-01
8.598727026757877479e-01
8.059292763102748891e-01
1.931111051827522740e+00
7.999518588310812195e-01
-1.954209927700694682e-01
-1.004963233490074659e+00
2.959367224051697720e-01
8.065717227329359806e-01
-7.852500899335588258e-01
3.123430652049024481e+00
-1.855880409864367753e+00
-1.743681896236168871e-01
-9.709251905756012269e-01
-1.706918965572535862e+00
-4.108461285916972239e-01
-2.362766924166277871e+00
3.806082899809016151e+00
-2.888588009941709389e-01
6.815402583336548359e-01
8.864747503020826702e-01
3.309035085101482476e+00
1.141129128926856806e+00
-2.349893964616590891e-01
-2.902330109975808536e+00
2.256593578013010859e+00
9.587420714743942751e-01
-2.557089709646896303e+00
9.667627462738388466e-01
-1.499210353923516315e-01
-1.967340788402138427e-02
-7.053351067843580680e-01
-1.555923209286928621e+00
-2.168037986202893563e+00
2.763516311546884152e-01
7.623625878467358286e-01
8.595571543457918295e-01
-4.755450818903617094e-02
-6.172691027027110700e-03
-1.837682118750564753e+00
3.399262496124310640e-01
-2.571428331863591321e+00
-2.833601509868271418e+00
-4.490056730491006620e-01
-1.665390662446128101e+00
-5.372526793513241472e-01
1.512662110623477663e+00
2.859124793150889854e+00
1.237338881278290170e+00
-2.067561909913849139e+00
1.847767380180328711e+00
-1.402376510540786603e+00
2.781170509977964223e+00
-1.304041627598297559e+00
-1.478506141681477759e+00
-1.298509085466498236e-02
1.696258906103537134e+00
-1.282419155092219487e+00
1.552469612702814583e+00
2.192044423765184824e-01
-1.437813490318522458e+00
3.055073167779521981e+00
7.574148026390803423e-02
8.125830162908993515e-01
2.978566653914209439e-02
1.645641865672097914e+00
1.544167169610175083e+00
-7.116315093930225544e-02
-2.053127636447999116e+00
1.797240415023378945e+00
-4.880063803670018352e+00
-2.270976927581669358e+00
3.424492626080554158e-01
-1.087244455054294096e-01
-1.955618981300228487e+00
-1.417128503083613822e+00
1.377950988199586613e-01
2.253450390513406232e-01
-2.448756186041288974e+00
-1.230286258478264116e+00
6.616125894761376580e-01
-7.506313705414089377e-01
2.521853487710396635e+00
1.475222677144264249e+00
1.965036449890383841e-01
-2.996371188503371696e-01
-2.035259398197366121e+00
-1.299291260646560309e+00
-2.015480926635608405e+00
-4.462341761508596072e+00
-1.164981123901772220e+00
9.511232827742215346e-01
2.204961451724775756e+00
1.471977492309216373e+00
3.222893865890390508e-01
-9.093728739579137743e-01
1.116169984639151513e+00
1.648939197502890863e+00
-2.026227601883789919e+00
1.885314156527662099e-02
-2.125220800400799970e-01
-1.504271658771835773e-01
6.071262370864496383e-01
1.247275954897305139e+00
-1.356774797449131764e+00
-3.818702157261801400e+00
1.446007002997772961e+00
-4.914480437844690464e-01
4.964459168570574121e-01
-4.791216305272565368e-01
3.379823037359322990e-01
-2.376850079682109484e+00
2.062572571840890490e+00
-1.504410218574423475e-01
-6.405029327439766273e-01
-1.805142239653635183e+00
-7.886653191813367547e-01
7.364952995421286674e-01
-3.939836062799517702e-01
3.812392039830440060e-01
-1.555980246727350691e+00
5.110706784761016586e-01
-5.934580619758424991e-01
-1.027054207649481299e+00
-3.575449830686491026e+00
-6.492601091021968918e-01
7.637244601291677260e-01
-1.413487091330095202e+00
-2.078701731682644827e+00
8.263489001185506666e-01
-1.005203742748288942e+00
-8.360210526030750211e-01
-2.105751864193786016e+00
2.043841257370215825e-01
5.101362884422471211e-01
-9.383461878313208437e-01
1.895586743234351612e+00
-1.006163119873012990e+00
1.227941093595825706e+00
7.636256841080810709e-01
1.157491041046662339e+00
3.836797345673478299e-01
1.125780162987038535e+00
9.508900551860360872e-01
1.073795614308889368e+00
1.003126387172106337e+00
-2.838305224111865588e-01
6.497280551763975343e-01
9.284503806092847533e-01
7.810507462708409232e-01
-3.164306731402917183e-01
1.881490006314737728e+00
-5.854436889246930065e-01
-1.012270926581667396e+00
-4.738826369425362395e-01
1.321463515294082791e+00
-3.387776213235378808e+00
-9.007636942881550590e-01
-1.063999144572651545e+00
6.027427344305660295e-01
-1.787724987792661757e+00
1.460826369484106643e-02
2.148879147997873051e-01
1.053844070628442431e+00
5.419128205366525730e-01
-2.985052992123058413e+00
4.532577283648401290e-01
-5.782699868825380562e-01
-1.104036038396928543e+00
-1.477432180323873467e+00
9.845082968083028740e-01
-4.351282441191655082e-01
3.002353135459434164e+00
-1.254380392224089924e+00
1.597471085510526079e+00
7.764650458094690677e-01
1.357008014799131690e+00
2.858603734583334166e+00
-9.043774164239194446e-01
4.246449501788367442e-01
-2.028319950975546959e+00
-2.019274727141826098e+00
-9.165263141001347980e-02
-1.301915847234258017e+00
-2.206523628067072362e+00
-1.301411843510714705e+00
-5.974413942880639761e-01
6.008937789664173801e-01
-1.449837954746893587e+00
1.745668950885420845e+00
-2.085844987443466803e+00
-4.348378020367266172e-01
1.849073612756458207e+00
-4.431868087259168476e+00
-2.305005361410523701e+00
-2.896161699597900596e-01
-6.646896809349565061e-01
-3.174481006970181207e-01
-1.448991002637737502e+00
-1.543272985168424816e+00
1.110288557787203700e+00
2.122961720953560505e+00
2.759383275568143112e+00
-1.628024958594870286e-02
-6.001049344852327216e-01
-5.964846542165180843e-01
-1.563323301940741317e+00
-1.716702041445963278e+00
5.142865437398532746e-01
