-1.019674003721405375e+00
1.019961668820306588e+00
-1.385879894046653682e+00
1.475466169611672651e+00
2.191803661020421123e-01
1.306817940113017329e+00
1.783864743640632300e+00
-1.684315676372769355e+00
-1.733608292693573194e+00
-1.057823883535413456e+00
-8.700334521885417782e-01
-8.699283312454212380e-01
-6.795827202326855110e-01
-4.916875032204040541e-01
-1.678216190918104367e+00
-2.420823632979874684e+00
2.183227645838752562e-01
-1.051014033268394154e+00
-1.796027431682232667e+00
-4.908003749647611991e-01
8.888708704668324412e-01
-1.307202074561889749e+00
2.749905500745621900e+00
3.420176184533171848e-01
-7.641528770819397964e-01
-1.071318343654118488e+00
-2.891070141892604362e-01
-4.237316474883093598e+00
-1.779181111683648897e+00
1.742054732119998894e-01
-7.749007975181350094e-01
-3.160902359961187402e-01
-1.508387388465746159e+00
6.875137863650603309e-01
-1.975706441615094455e+00
1.016747685154695935e+00
5.891989262382770765e-01
5.933238736449306661e-01
2.348848567049981462e+00
2.296282544553845395e-01
-6.861182384121730093e-01
-1.342663559191050293e+00
-9.334375785143145254e-01
9.708202557216416562e-02
2.313570929232283468e+00
7.400034505977993726e-01
2.223154070012173245e-01
6.341424007014566655e-01
-6.638803417566929710e-01
-1.237378480851274887e+00
-1.329664875178361294e-01
1.478417553688935460e+00
-1.793555069360474041e+00
-1.199445740642926861e+00
1.229117885999515547e+00
-1.482947099215001119e+00
1.459143040121718471e+00
2.079474237140127357e+00
1.379187039191633879e+00
-2.408989307265261726e+00
-7.866187896499197141e-01
-2.701096427698226776e+00
-1.413181489216588371e-01
-1.203877274216045290e+00
-8.419319571922865286e-01
-4.989825062039220382e-01
1.856259638739734763e+00
2.974409509539758245e-01
-8.830947052746020987e-01
8.478057851385482069e-01
1.720065515112227938e-01
-9.823365184849819354e-01
7.945339905670157910e-01
-2.901323739399005674e+00
1.441993303325981746e+00
5.021232597661907660e-01
-7.147151009170920055e-01
-6.838288185465924762e+00
-4.106809769137765853e-01
-7.222710998334764820e-01
3.150945567296589811e+00
-5.589479515756039518e-01
-8.183976507770416298e-01
9.379441884049228850e-01
-5.919841898340474917e-02
4.955925219937695192e-01
5.036221146430304163e-01
1.038436767538963995e-01
-4.214899211366957665e+00
-1.043265369857440561e+00
6.060264947254031531e-01
-2.747465499590385773e-01
2.944917673621805787e-01
3.863874237543669932e-02
-2.397221236273880507e+00
-1.826824978436327296e+00
-2.773869057421881390e+00
-1.577820821312341470e+00
6.627676532032475976e-01
-1.669251352618562390e+00
9.254677612848472013e-02
-5.420261600321532036e-01
-1.099937303355112306e+00
-8.068691695286338561e-01
-4.223619965747149596e-01
-2.816381665632339271e+00
-1.407944083641380129e+00
-8.440546222904395934e-01
1.937672132270735093e+00
3.927781445071282240e-01
-2.073108834654982857e+00
-3.033439573781654630e+00
-6.939901701143387225e-01
3.858170670178799888e-01
7.777357626188914352e-01
6.232661547522668766e-01
-8.375434758951458836e-01
-2.850526530720731255e+00
8.535160376511443658e-01
-2.335780759833627762e-02
3.027276728768221403e+00
2.116107815996165264e+00
6.934186016190316826e-01
-1.233638963013443890e+00
-1.166386800335045271e-01
-2.380153974264448191e+00
-5.084794928994574859e-01
-2.796017149761561349e+00
1.437231983339275487e-01
2.966178752634103244e-01
1.259691478547214638e+00
-6.530606532495573102e-01
1.024316591938057019e-01
2.308225471594984590e+00
-8.680181841527315756e-01
-3.312224230096407318e+00
-3.507947422815571592e-01
2.809150510147440105e-02
4.460328684362741547e-01
3.161525007321874803e-02
1.065171133874994513e+00
2.389418445375008915e+00
-2.336167153636705685e+00
-8.440216077794882032e-02
7.028306876305039363e-01
9.357850195108763369e-01
-1.135141773737069482e+00
-9.594148524848793436e-01
2.959192254159703772e+00
-6.522445315779170638e-01
-1.074802252474019060e+00
2.493973004365191315e+00
1.617529710663346831e+00
-7.486909686026816946e-01
1.839073955676563621e+00
-2.143293417002690993e-02
-2.724641027953788264e+00
-2.318400822689596907e+00
-4.846342566780905692e-01
3.922803368950427139e-01
-2.529429920326765391e+00
-4.361284123443866179e+00
6.300482129176998569e-01
-3.870560061839700139e-01
-2.517592509689924318e-01
-2.045209196346899017e+00
4.258952174850310080e-01
-9.017976296317459228e-01
9.009806682421196422e-01
-9.059249832873523811e-01
2.112836597860979548e+00
6.434210618234788015e-01
-8.130511455402660292e-01
-1.464719880975620114e+00
1.022806364460493667e+00
3.372848116719182610e-01
2.353155070335688492e+00
-2.330707985359895262e-01
-4.058630828118935108e-02
-3.301216052516372734e+00
1.724033084250478520e+00
-3.309889481969316982e-01
-1.611584629765388521e-01
1.824685898137160756e+00
3.083924554906376514e+00
-3.209236363088598942e-01
3.417942539670030255e-01
-1.331402740255332784e+00
-1.356120051684986505e+00
1.615186605158890620e-01
-2.429095313333429207e+00
2.347103006664971403e+00
1.220407934954245821e+00
-3.314065371737526799e-01
-1.255878274985526843e+00
2.518657034456948107e-01
3.563316574127497027e+00
5.951677160352730755e-01
1.923322896532477344e+00
1.904254762358519315e-01
-6.212263961150599201e-04
9.918557526182470996e-01
-1.556843489163894700e+00
2.679654152843232051e+00
1.983237877147884687e+00
1.836080256924442211e-01
5.663171626887967269e-01
-2.257520698640191892e+00
-3.145994958629891869e+00
4.599968974626437168e-01
-1.850407893093102052e+00
7.822426039848278112e-01
2.879956727657836613e+00
-1.542161854493586226e+00
3.596149857702018338e+00
-1.423104214122656863e+00
1.184577309706953407e+00
3.187728703791367746e+00
-1.690675279971768363e-01
-1.000759413728351532e+00
1.369079929734855039e+00
-7.678593408390608221e-01
1.091127763623837899e+00
-8.924737675379021962e-01
8.147112468939763374e-01
-4.468063804115299797e-01
2.626268479414216372e+00
-2.691923270555333314e+00
-1.582255430240344651e-01
-1.286041916193151557e+00
2.180158665081553870e+00
1.296776377862554286e+00
1.726059327169436886e+00
2.357985153585611116e+00
3.364058913184090116e+00
-2.895207931545051849e+00
-1.988530845676346193e+00
7.678073698886401788e-01
1.971955488054993211e+00
-1.513351792616166369e+00
6.605764947941139553e-01
6.154984516914885351e-01
6.093910355665750345e-01
-9.723538085296338229e-01
2.093030249634486584e+00
-5.153219481014765790e-01
7.580688325018389850e-01
-5.206045783050829989e-01
2.106641927823396376e-01
1.962181867950571146e+00
3.229730004502582297e+00
-5.048998448480729984e+00
6.961803564878518147e-01
1.880074146962945392e+00
-1.191429894121002864e+00
-8.582816793078871243e-01
6.717880188539611108e-01
1.207160129827727690e+00
6.978558049323585477e-02
-3.872086306417196200e-01
-5.427948676105593950e-01
-5.318977960619691858e-01
-1.454873837618713139e+00
-5.940340108329051905e-01
-1.179633469475835916e+00
