-1.444730696329011410e+00
4.720336059704504095e-01
-6.447058892379675665e-01
1.600546864620921328e+00
-1.459033647274124990e+00
-3.475126695825268897e+00
1.789756537445243545e+00
-5.480425101959925938e-01
1.543360878792878310e+00
-1.664771441219346393e+00
-6.999968997558571049e-01
-1.508325385718164158e-01
-1.904150011560341582e-01
-1.482811061895817684e+00
1.575198418441802750e-01
7.624846308397744687e-01
-3.872789734882076118e+00
5.055708603560659098e-01
6.736348744407236744e-01
9.343115492505312814e-01
-2.894271949847141978e-01
-1.045456435122833261e+00
4.240907226276945607e+00
5.913546635868937029e-01
-1.107221390725149135e+00
-1.148398490209659562e+00
-3.953570640750553977e+00
-1.380004422605604075e+00
7.466722461637551600e-01
2.923000940163004713e-01
-2.567027232056169339e+00
1.293774952852421389e+00
-2.677349394261635318e+00
-6.339147056895158561e-02
-9.565120869565640893e-01
1.182695117369413573e+00
-3.177283817889292372e+00
-3.778218073051000103e-01
-2.398907064980740356e-01
-1.250061393613741911e+00
3.167708056868580035e-01
1.121704639871980769e+00
-1.407916975721372532e+00
-8.878056969708635338e-01
1.431834500111505148e+00
-1.222060503025172551e+00
-1.371353635638256740e+00
-1.285333286246299167e+00
1.510922401741706000e+00
-8.686778565489303716e-01
-8.319890234014692965e-03
3.020913332459288281e+00
1.408999199493609966e+00
-4.802445560870554075e-01
6.447826728064421919e-01
-2.613303691819824914e-01
-3.497381525898002330e+00
8.820637252307127474e-01
8.908860956375108664e-02
-2.526234656930612221e+00
2.384713165981224292e-01
1.493192126792295182e+00
2.481782685169647173e+00
-1.554338892431236907e+00
2.179169736825955495e-01
-1.466372095877640724e+00
2.144057310845506770e+00
9.897156190142580856e-01
-2.092889847865320618e+00
-8.982870593308907026e-01
-1.701305393377129938e-01
1.466488318398568191e+00
1.116172245070539804e+00
3.698141722144491772e-01
-2.228990127757751072e+00
9.818713020685109205e-01
-7.537447109360840836e-01
1.167350370341836419e+00
4.866881126976330130e-01
-2.743639442529241634e+00
-2.376468602582924028e+00
1.101811712238783825e+00
1.468771022436240248e+00
-1.839412788994422066e+00
-2.918931979218743478e-01
4.552062092067317156e-01
-1.067784713970429955e-01
1.822424586515043465e+00
-2.382623351747016116e+00
-1.318647719371560667e+00
-5.273981716832591982e-01
-1.878938821937783388e-01
-1.174784757416979186e+00
-3.791249100657625437e-01
-4.360083544348123397e+00
-2.416742320014060308e-01
-1.052780833347462641e+00
-4.566601309541629128e-01
8.523018852782371368e-02
-2.434425412912327447e-01
-3.978011809849844593e-01
3.863228551352256623e+00
8.900068128678908508e-01
-1.006214088122982520e-01
-3.240556743154135999e-01
-1.263894922622892603e+00
-1.666673790768705476e+00
1.207569389490146916e+00
2.655814842214112570e+00
-6.720896456380875961e-01
1.752083791926500433e+00
1.322155738207277942e-01
-8.107987174645584494e-01
-1.074659318824185306e+00
-2.631390837740822608e+00
1.035081451249698414e+00
1.810082621360496469e-01
-1.722086121780855184e+00
-1.953010080794442160e+00
3.861585686447821075e+00
-4.005498236149986346e-01
-4.004969517998282491e-01
2.387186313122276360e+00
1.019565130497239958e+00
5.784072447577182086e-01
7.767923834403217542e-02
2.418878082341494373e+00
7.427410211833584963e-01
-3.563868826145740742e-01
-1.652902239035560328e+00
-4.372980346693336462e-01
4.252825731196233083e-01
-5.408414114112839455e-01
-2.734958573529404191e+00
7.473950522433118193e-01
1.889273856467502677e+00
-6.281383571138487998e-02
-3.171599122442203544e+00
-2.259795680744540292e+00
1.896074722207802266e-01
-2.950925404209363556e-01
1.045070552154494514e+00
-4.544112191826105152e-02
-4.539522066579228188e+00
1.616298745131615977e+00
3.040216824797241646e-01
-1.319626449124531753e+00
1.136189167318645499e+00
1.773596869504521667e+00
-2.637969489426486014e-01
-1.679524290792951735e+00
-9.828657815624808336e-04
-1.865937023895878788e+00
-2.389875433589184084e+00
3.924763431441765427e+00
2.990395517162248162e-01
-1.648623904422282127e+00
6.674431685369058842e-01
1.540691906471443051e-01
-1.429884081868193713e+00
-4.995579668317066124e-01
4.851406465292664172e-01
4.972141774950977755e-01
1.226859350974359497e+00
-1.673997642695904009e+00
-4.116507145673631851e-01
-4.387837909215454024e-01
-1.840121026105719038e+00
-1.367516704833781294e+00
-2.817047099281541275e-02
-1.512858281569946062e+00
-1.061258334779147550e+00
1.765984666317748086e+00
-3.988191011791671903e-01
-1.048633787204188206e+00
6.985376765236958052e-01
6.187631475302071138e-01
-5.138850266115260190e-01
-1.819032607330877127e+00
-6.116667595575897565e-01
1.257582488960111933e+00
5.898927814154585336e-01
-6.330512042335156853e-01
-1.987435126470125324e+00
-2.953327886530435764e-01
9.415365457459367038e-01
6.698255481725321481e-01
-3.176332314621731712e+00
-5.002583426140057021e-01
-7.498557555214477865e-01
-6.860066472595607312e-01
-9.704763770109836596e-02
3.153090585443441451e+00
1.347626284369417560e-01
-1.097043504741010977e-01
1.054033318516133910e+00
-2.681698049484257051e+00
-1.912792149711738166e+00
1.152514290423425791e+00
1.738347114925378634e+00
-4.437779299112188935e-01
1.055993282325099702e+00
1.156009846149408160e+00
-8.308339827503898878e-01
-2.354113397255204188e-01
3.248675641680044412e-01
1.636463632325784623e+00
6.468715198795965682e-01
7.071474903997938544e-01
-5.891115580076947689e-01
-1.760244978818732209e+00
-5.858077091176697726e-01
-1.488860894429384185e+00
-1.342788369193135822e-01
-6.247323780581222064e-01
-5.355742845907635052e-01
1.611020806564721131e+00
-1.952019030119569232e+00
-1.829938954507098758e-02
-3.047499638441415470e-01
8.462860710494692906e-01
3.247961154979418730e+00
1.674292357962020861e-01
-8.226258764551117597e-01
-1.737010825306458006e+00
-6.011611917082605450e-01
1.172228645640288613e-01
-9.466782575584846704e-01
1.965931848618073463e+00
3.842603211130619201e+00
1.326791506807593057e-01
1.396579098057754154e+00
7.868685680956779560e-01
7.237187500742513491e-01
1.754474679594788311e+00
1.284704772238856263e+00
2.830495477621722822e-01
1.497985125273875728e-01
1.411448056431959142e+00
6.202453636090725642e-01
-3.431430568127992853e+00
2.074099492815914270e-01
1.181873202839771181e-01
2.536686660196555643e+00
1.596290553370342424e+00
-3.022852139041806385e+00
-1.785068673394217820e+00
-8.365737463145228592e-01
7.155842624789341411e-01
-1.467501507008273087e-02
2.226376176965047637e+00
-1.220858968623030005e+00
2.022051287321792845e+00
8.463662367512682083e-01
-2.728793179207028019e-01
7.158054320607141197e-01
-1.250440671317522900e+00
2.381843525214641044e+00
6.352726963975580121e-01
7.737190110535739906e-01
8.317302467980773883e-01
1.012773336670542479e+00
-3.009893564925055998e+00
2.778056477331368512e+00
2.189487803237320396e+00
