-2.163388958022263164e+00
1.067348203259537387e+00
1.214538572032314967e+00
8.429168087083079852e-01
-2.294214387706401403e+00
-1.640104800662667839e-01
-3.952954588191008867e-01
-4.961055814988911683e-01
-2.402363316784710268e+00
-2.046863337226213775e-01
-1.162099536919873000e+00
4.929139821857005388e-01
2.993672417183500523e-01
1.051099382924641557e+00
2.531073880078110072e+00
2.043680946515566088e+00
-3.662864624876946973e-01
-1.071957269340384489e+00
-7.431610083505879594e-01
-1.117646310418907163e+00
1.251901595239607978e+00
2.079866799803086419e+00
-1.078166547316503188e+00
-8.398832869087174968e-02
9.810624554767120031e-01
2.103759617864377152e+00
-2.348141935685572612e-01
-7.419672538533783612e-01
-2.306953555213843821e+00
-1.854195778905590175e-01
6.501200555428919836e-01
1.833829261289858570e+00
-7.948454746273272420e-01
-5.165455158056581064e-01
-1.528463436833243039e+00
-1.008077075566058411e+00
2.075295325409010960e+00
-4.759513897238731861e-02
1.810193145668541614e-01
-2.269492799015529361e+00
2.545022991928809208e+00
-4.002374288885088838e-01
1.369759071191985811e+00
-1.653567555498007824e-01
2.082220798364377679e+00
5.049684450772630839e+00
2.080937614161783245e+00
-3.627480490054877937e-01
4.046705824712795163e-01
-7.903012721129457629e-01
1.715870134946189118e-01
3.253579204014392712e+00
8.392446685792531724e-02
1.569311630721049955e+00
-1.429562008575793186e-01
4.881401786256240327e-01
4.708437118247476016e-01
-1.755241251174459061e+00
1.045349684082411912e+00
-2.457670213598973863e+00
-2.098252431032024412e-01
2.195464858378427309e+00
-1.838491340648844286e-01
3.667100067270062658e-01
1.496208559209644129e-02
-1.174909219163949858e-02
-1.860395084851856451e+00
4.041386866817751056e+00
1.134862892580070337e+00
-1.504606649358332104e+00
-4.414489883428002748e-01
2.070879427148394569e+00
2.723338294000550164e+00
2.101314394612266323e+00
4.015500642633976769e-01
-1.126362647189238952e+00
-4.825724483421027777e-01
1.721214388880370816e+00
1.108517829449060521e+00
-4.824191743324424131e-02
-1.294273423546081769e-01
-2.061200110761982174e+00
2.101061297231443525e+00
-1.243018573637799107e-01
1.504450426667115925e+00
1.252062397989448739e+00
2.456968630066801218e+00
1.475141984342472012e+00
-1.472109980707846377e-01
-3.500097199526293501e+00
3.753802687671854876e+00
1.851644534092169003e+00
-8.881855316668969547e-01
1.263999288891516137e+00
-3.992900243186469078e-01
-5.743292851657577636e-01
5.274486302712647401e+00
-6.371526785927024150e-01
-3.007703835811342263e-01
-9.294563204833199421e-01
-2.310791709384786508e+00
2.695031458262596047e+00
1.021999213060287071e+00
-3.759535004673656977e-01
6.790634098869008373e-01
-1.935667068838832661e+00
-5.898532165397922800e-01
8.883496213755869286e-01
8.503509822775090488e-01
-8.148839689201976544e-01
1.799878432535119366e+00
1.489300136058213653e+00
-9.981151325147930020e-01
-1.481500938509877185e+00
4.860692534702327761e-01
2.904404243304751887e+00
1.634262372280847364e+00
6.816817210571024521e-02
-2.887271808247391380e-01
3.658022094382334943e-01
3.917912278145003757e-01
1.447115229689066584e-02
4.268418846477840312e+00
-1.487482989073777961e+00
-2.147727468298519238e+00
6.318415381711974810e-01
2.073048585423153511e+00
2.220979987762369490e+00
-4.707503309651206447e-01
1.521845679984288546e+00
7.710228787666298378e-02
-8.347730843749910923e-01
9.555541101182859487e-01
-3.835230078489342276e+00
5.571781654719343280e-01
-1.459137890304135876e+00
4.710314410963343246e-01
-1.278935513219722875e+00
2.199345035480514632e+00
9.892444561577206086e-01
8.867997723345037997e-01
1.624189170741034527e+00
7.539498254825884871e-01
-2.813366578563917919e+00
6.968938619860884920e-01
-1.290331011668789607e+00
3.763443518853759606e-01
-4.284749225533034944e-01
2.673371901618638358e+00
-1.474385991074686597e+00
-4.092202423750206375e-01
3.930905372856464020e+00
-4.300538286191339932e-01
2.308207091267429956e+00
5.924306493861676293e-01
1.032063283304484713e+00
-1.830943734319197436e+00
2.087926433860490150e+00
-8.059270236659106246e-01
1.390983701054518296e+00
-1.208301042359787525e+00
-4.692027733022183233e-01
1.687277329681794891e+00
1.450518298212398083e+00
9.517137892133603616e-01
-2.351200536529614915e+00
-1.487793325353982787e+00
-2.729274817763222227e+00
1.409438535938462245e+00
-1.919546690908776609e+00
2.469553849391326050e+00
2.781875102017510315e-01
-1.284596708968159362e+00
-1.663206846695771679e+00
1.971049254486868740e+00
4.326656220701819988e-01
2.489680126127685744e-03
2.230085018806204911e+00
3.265798551828916207e-01
-1.359595937471063776e+00
6.931130011679429437e-01
-1.171232708426457769e+00
6.552239686240665106e-01
-3.913577429580828992e-01
-1.094654080786791051e-01
-1.228308633786245663e+00
1.808310804177038378e+00
6.894132107628836437e-01
-8.518588521630217347e-02
4.949924894116345619e+00
1.397516821032446011e+00
2.006544164523579088e+00
-6.855460952738463565e-01
-1.674102009855258366e+00
9.815473569565946743e-01
-1.163528373308137187e+00
1.281812238589794095e+00
-3.495743162212074040e+00
6.061499143789090827e-01
-1.189245895476096937e+00
1.320379925093775886e-02
1.238581818582207505e+00
-1.382859671056638207e-02
6.381032851228771174e-02
-5.470937810167086912e-01
6.342879541530417331e-01
-2.804083475732887187e+00
-1.416634240818048784e+00
-1.152498640443296196e+00
7.416169440077804431e-01
1.332006652026248128e+00
5.989911386903076229e-01
2.872363323217556275e+00
-3.503094798639633245e-01
2.991056046590674367e-01
-1.205860637163624016e+00
2.293871162616309134e-01
-4.647267982185612212e-01
2.607921413596457683e+00
-6.249919115126322255e-01
-5.658009237240372302e-01
-1.115396182713132678e+00
2.513886842459932769e+00
2.906114293916207125e-01
9.437852203986916155e-01
1.030532685345022070e+00
-1.240004063214023677e+00
8.317935320102873842e-01
2.517488525549904654e-01
1.210087185008921207e+00
-2.038532225789122798e-01
-7.241817315315671744e-01
-1.748122059892684099e+00
-2.031233615696229400e+00
-8.359848818448963048e-02
2.514307557446787023e+00
-2.340525087076791022e-01
3.036703287861572953e+00
2.697911713162837621e+00
2.468431766740082078e-01
-3.449083219132606626e+00
6.691082337507816558e-01
-1.017951466405000449e-01
2.156864380435367323e+00
6.684048809591927043e-01
-3.014563471374811510e-01
1.252460347502631910e-01
7.123459192473213797e-02
-1.078993217469239596e+00
-5.904478532592877249e-02
-3.086952917625694348e-01
3.156432139430191963e-01
7.945618707592436714e-01
9.247613713958783288e-01
2.005835539234381404e+00
-1.869062183142524258e+00
1.791237758353037890e+00
2.055845161233319507e-01
5.191125595761592493e+00
1.631848875961577905e-01
6.380636690344777540e-01
3.029500717801433929e+00
-2.934541115140290923e+00
3.785054713991790054e-01
3.030253925852695485e+00
