1.589971645782310317e+00
-1.725533743799230191e-01
-1.235174473743944734e+00
-2.188583714390575086e+00
-2.865047274760950557e+00
-2.033328983827859204e+00
-7.677772213678510926e-01
-2.111034287958784006e+00
3.257745646883015045e+00
9.510170532270252330e-01
-2.608610834185541627e+00
2.006478660883847631e+00
1.903018619008032541e-01
4.945708214651356904e+00
-1.018295710274912391e+00
-1.993435855524445133e+00
-1.821872914329524029e+00
-1.194028213880278910e+00
8.405104359471344821e-01
-2.103646471800255102e-01
1.008660720966169544e+00
-1.375954783371520884e+00
-1.982928608638892864e+00
-1.855853033109532868e+00
1.319877925886836723e+00
-2.339220997197407392e+00
1.162755707913145642e+00
8.648088436836813830e-01
1.462860759128619959e-01
-3.245679223143724812e-01
-5.959775557261419721e-01
4.033282664524950878e-01
1.541732949314560175e+00
-7.907081825890722726e-01
-8.423779144658851692e-01
-2.460038878955853825e+00
-9.261337754832726921e-01
2.996057239279641404e+00
-1.416179685278014411e+00
3.960166390576446566e-02
3.867994424994610547e+00
-1.359808305695254571e+00
-4.754301538128573590e+00
-5.701962687816944930e-01
1.308960656885994833e+00
1.086014225197465266e-01
2.308514400127137378e-03
-3.216233175952694090e+00
-3.317201218404388641e-01
9.634293725363376470e-01
2.922207595892712728e+00
-2.822587926921567458e+00
-1.443304255932633007e+00
3.584666987892781709e-03
-4.815822658836237391e-01
-2.545253561913741081e+00
6.396741053498988805e-01
-6.261845317779426878e+00
-1.320764229287290537e+00
-1.919582537403195788e-01
1.185812858831795769e+00
-1.889026282216602182e+00
-9.043204674303211288e-01
-3.754250007549105317e-01
-3.402969420140927737e-01
-1.082273455561057585e+00
-2.927842478542804106e+00
1.768047128251029054e+00
-7.714768710705421917e-01
-2.532333335027772137e-01
2.007251501931615945e+00
-2.267484852218200508e+00
2.903176402376646426e+00
-1.247013564152690268e+00
2.000172377612892571e+00
4.358434223219425085e-01
4.004044725017380513e-01
-7.352055047843120139e-01
6.930428707564326718e-01
1.090347685099339325e-01
2.822072985174504112e+00
8.746779138716950786e-03
8.153875636886900313e-01
2.065526238835940109e+00
-2.183736156763182112e+00
3.248816481354467323e-01
-1.156811958350588920e+00
-1.123884712131029362e+00
2.388264050456406551e+00
-1.378204508091901426e+00
1.441424752276036170e+00
-1.313589032069379658e-01
4.431348178750820210e+00
-1.028428340707553179e+00
1.440368399945067601e+00
-1.145977413938958689e+00
-2.949366481313334898e+00
-1.521647370496353124e+00
-1.235719501621713290e+00
-1.452850497205438463e-01
-2.827925782272028510e+00
-6.567349647859597184e-01
6.814084987685841144e-01
-1.146793614474267198e+00
8.032253511148354508e-02
1.648423271502348353e+00
-8.167088667008536307e-01
-2.876807383273129126e+00
2.960780557865515750e+00
1.022154298162187391e+00
-2.977490358533592119e+00
3.064678450004638233e+00
-2.019355425702319129e-01
-2.190163251471826111e-01
6.631284947057835000e-01
1.520118726884168048e+00
4.235919965593820113e-01
1.349206732551535115e+00
-9.828921202383693601e-01
-2.740969076010336680e-01
-6.805415826273002455e-01
1.712330170584376310e+00
1.294095173395947374e+00
-1.315160831078128201e-01
8.631801084968845350e-01
-1.534602204363649580e+00
1.867143632884024740e+00
-1.533895816007355251e+00
1.293028547238639359e+00
-3.266386659294105432e-01
-3.406613367466353876e-02
5.357170413158962585e-01
1.356119050590837816e+00
-4.965503944227052102e-01
-1.432446026497865343e+00
-2.535032935256975040e-01
-2.279442799575173706e-01
1.958243732158272188e+00
1.499387836120420925e+00
-9.550710984366044265e-01
2.198440223703280072e+00
-2.416314486823704311e+00
6.215159765395614766e-01
-3.548347353025284034e-01
8.339751561458044193e-01
-3.327892134825749526e+00
3.359941342188319524e+00
-7.015976028737326287e-01
6.629863200152237290e-01
-9.785366735349394496e-01
1.920421881784057261e+00
9.996964598926083578e-01
9.180089011572134527e-01
1.473059422630982773e+00
-2.285765479481532969e-01
-1.426832643342142770e+00
-1.458036474209009947e+00
-5.642263649077330356e-01
1.364162623580356115e+00
1.235661482552953050e+00
-2.316211985201892087e+00
3.970831985780943096e+00
1.553877793877483926e+00
1.967581341136622086e+00
-9.956676493867832045e-01
-1.945616929063127554e-01
3.652192032643277186e-01
1.759949725101150886e+00
4.167992729939284935e-01
-1.545246086822199771e+00
2.981690579693028753e-01
7.568126649730515521e-01
-3.086873766971455768e-01
6.773055033732072738e-01
7.983831162847745411e-01
-4.769033996083591465e-01
-2.714356305240224199e+00
-1.051723832062535724e+00
8.124479713393786273e-01
1.170249092562414717e+00
-3.355330180651058036e+00
7.642735368867233925e-01
-1.096089024166067016e+00
-1.803691583292120981e+00
2.874158875452846651e+00
-2.531249054968488732e+00
9.588182477443978335e-01
-2.683607316494572625e+00
-2.260747411984392663e+00
7.165448293115925793e-01
-1.352316075690584984e+00
-7.450021627566587590e-01
4.501860568634325155e+00
-3.104416319305518535e-01
1.276839965843619806e+00
2.004408675635932280e+00
2.254495865358558060e+00
1.546168683721232506e+00
-4.961736508259848577e-01
5.982927428256423763e-02
-1.066019812855252047e+00
6.911868386498997152e-01
-3.523200253791008985e-01
2.015433599915884333e+00
1.557689636593571514e+00
8.672145977038596687e-01
-5.400397697217437232e-01
-1.233171352510161883e-01
1.035709963850083189e-02
7.692204292073012706e-03
-1.306304449039412230e+00
2.643843444991977876e+00
3.320131968345148010e+00
-4.543979219381683032e-01
-2.121141741878585993e-02
-3.390989351171112887e+00
4.743203394844048293e-01
9.506867149930409155e-01
8.937968922242813807e-01
-1.249255374930313689e-03
-6.486483699079602649e-01
1.071734435009146669e+00
6.298242606637329821e-01
1.571234054661908797e+00
-9.879798027046924336e-01
2.463122763048569475e+00
-1.130939656839231588e+00
1.025131670408808482e+00
1.986953503066655413e+00
2.781192644419246740e+00
3.449862030787834932e+00
2.415486781444589504e+00
-7.514439291421248779e-01
1.418348244295656535e+00
-2.134387886413868785e+00
-1.700512669814196798e+00
-1.159822375037327324e+00
1.693339715724348493e-02
-8.157703740133668280e-01
3.504107277142176624e-02
-1.253342938875801504e+00
3.711771582160194871e-02
4.764109103714906368e-01
1.149525163318457999e+00
2.097621607867483640e-02
6.633582396527609726e-01
6.100832367446518134e-01
-2.175953608717989596e+00
-1.273062267323950447e+00
8.739165870924784363e-01
-2.389048868245253310e+00
4.075039627302210477e-01
-2.147300096447866125e-01
-2.225622224230505708e-03
-5.634144332967557789e-01
-3.681409140985592021e-01
2.063324416562451802e+00
5.366799009830471867e-01
1.433903061692498766e-02
-7.967301758466218686e-01
-3.308215248459544511e-01
-5.239373098253168326e-01
-9.555607086248505411e-01
-1.170032200988638804e+00
1.453091244661059545e+00
