-9.026607464243409096e-01
-2.166065878526501898e+00
-2.633954924018498289e+00
1.569831814376890122e+00
1.641740259216081466e+00
-1.104734196490357867e-01
-8.396720623477941237e-01
3.047850314496216573e-01
-2.743446878939758693e-01
8.126609743411490339e-01
-9.426943414114538622e-02
3.842558004117828385e-02
-4.721382621814170788e-01
-8.751807219544777139e-01
-6.220576168583987764e-01
2.012306317838278513e+00
2.647576370802044110e+00
-3.445903684158558855e-01
1.786652427401904886e+00
-4.823085721147034599e-01
-1.145956453456753676e+00
-5.056275712323942129e-01
2.362294974508627465e-02
1.209065083458597201e+00
-9.111256083403801442e-01
2.287309079856806537e+00
1.136664552636326375e+00
-3.385194103697455770e+00
-1.624830741129155154e+00
7.857299409147779912e-01
3.771016345900674027e-01
-4.429581131458631971e-02
-1.543732273735652694e+00
1.126993795344146898e+00
1.460143948058855168e+00
2.057319791700819245e+00
3.839467605919431481e+00
-5.258334333722000098e-01
1.304902402639054770e+00
1.458624757028974761e+00
-4.662068714882189879e-01
-4.406240334628499511e-01
-4.770446945304374076e-01
-9.921580437449657452e-01
7.055280808843092943e-01
1.269282493782869226e-01
2.619119331574014664e-01
-2.261692290729515165e+00
-6.856265322088650471e-01
9.680915651999921767e-01
9.815595676333841446e-01
2.162271491224451170e-01
-4.814899251644085831e-01
-2.160033838692081987e-01
2.291947565188311664e+00
-1.774322322567926324e+00
-4.986785779196845070e-02
6.793098450577522707e-01
-7.528954033517240019e-01
2.165669059532527640e+00
-5.238885499457880401e-01
-1.127094367268321573e+00
-4.546089433899797028e-02
2.899093716455224623e+00
7.015397834295876711e-01
-1.050408096346891140e+00
-2.827802694934956618e-01
1.222780842519912925e+00
-1.094932735811245950e+00
6.520750865997325674e-01
-5.174649680686067565e-01
7.373644943310964095e-01
6.082570396350511777e-02
3.620979681220304336e-02
-1.185352045849431768e+00
1.519012002113616422e+00
-6.840240420345021777e-01
1.078307656816081206e+00
-1.648400559917403696e-01
-3.052337356743911601e-01
8.458852447325314605e-01
-5.765797207460968687e-01
-1.489596859336289048e-01
-5.509983496574673012e-01
-4.175109874367812779e-01
1.714553239328131529e+00
-1.052313557592799098e+00
3.486056316242049369e-01
1.360832564625213958e-01
3.774590671713507484e-01
-1.673146333577146816e-01
9.949461224782664148e-01
1.128467295890285271e+00
5.944124345178716240e-01
-2.897792421428057708e+00
4.882420467951100185e-01
1.091193151929068295e+00
3.591441379237780840e-01
1.228622975021504082e+00
7.712197494476091819e-01
-7.484679519035704054e-01
-1.367337066709474469e-01
5.142814881885998668e-01
-8.701564083025248308e-02
1.554231473406413100e+00
-1.138159395651719752e+00
1.930414764106815895e-01
-3.273139661082528629e-01
6.607523814561597764e-01
1.537086846736793966e+00
-1.880461998182373584e+00
-1.723310109216569908e+00
2.907755246890754153e-01
-2.940954409959431359e+00
-2.053586400222706665e+00
-1.703512435633922850e+00
-5.523513276392980620e-01
8.859644056048388006e-01
1.999792025680784402e-01
8.366064715372151239e-01
3.067983701895657944e-01
-9.584674623943159055e-01
-4.587695268144263983e-01
2.454192310685987533e+00
-2.646035182659216556e+00
1.505633056550925941e+00
-1.266599251172173535e+00
-1.178314449446712597e+00
-1.245758371615127036e+00
-1.509565828124882714e+00
-1.131600697428008617e+00
-1.518914124142559441e+00
5.948251080986121098e-01
1.138900309711116332e+00
-5.221902316367481589e-01
-1.570140907744381309e+00
1.809234143373835479e+00
1.787539383588257591e+00
1.448351457417823340e+00
4.841939211100786400e-01
1.522000449921089293e+00
7.775442196298378850e-01
-1.227381920301288343e+00
9.880036421032731830e-01
-7.684793861096921308e-01
-3.195761095935387708e+00
-5.240077434505671095e-01
5.310332827025949776e-01
-1.177997272777158155e+00
-2.455556508076621736e-01
-3.170513563313221428e-01
-1.072676724314700847e+00
-4.148003890544115224e-01
1.642878531801834407e+00
-1.673166945070512779e-01
5.617085836764000861e-01
-4.485830793839166719e-01
-1.240087754425914568e+00
-1.536747028599684262e+00
1.150659234103343920e+00
4.734571041642821054e-03
-1.427346325507258040e+00
5.989413240207592803e-01
-1.165735228624448228e-01
7.036691272406910835e-01
9.116370774403004251e-02
1.240842203929716447e+00
-2.394479046639697017e+00
-1.250844999842397165e+00
-1.567389629900147963e+00
-8.656380194347272627e-02
1.971980950572037816e+00
-1.440608341511256496e+00
-1.807783168697949083e+00
-1.333079942362114689e+00
2.779503252704207950e-01
-2.810354372946994861e+00
1.460695011283088762e+00
2.373241451297081639e+00
-8.996936514353146563e-01
-1.215608867390597370e-01
-2.083589610151357352e-01
1.105748516929918157e+00
-7.422598521773244862e-01
2.032656309083447521e+00
4.111546944663656000e-01
-4.690403832493013070e-01
-7.013236074803734788e-01
9.611870127741171110e-01
2.617857675503501014e-01
4.595426953800686998e-01
8.527817702559882251e-01
-3.247032159858108669e-01
1.578214804327815468e-01
-4.585365584660798521e-02
-2.027184661018111012e-02
-8.394246594650224269e-01
-2.220154593532157605e+00
-2.296462984925989881e-01
-1.386561846551903621e+00
4.517809099562064556e-02
-1.234571136644833977e+00
1.931196690052320530e+00
2.181860072550878549e+00
-8.951876509391243353e-02
-1.273683022347203764e+00
-5.360959478172959702e-01
9.650369779163923134e-01
-1.618850229711842559e+00
8.371731482470652352e-01
-2.506591666580459510e+00
-9.075078732158318173e-01
-6.489113035582666500e-01
1.102755413245042337e+00
1.262803845184079954e+00
2.376128486034339016e-01
-1.975626889195767344e+00
2.642664719151910924e-01
3.211054282303096308e-01
-7.687387397466460826e-02
1.105309096370055144e-01
1.734729766069645462e+00
-3.417096272195638829e-01
-7.573266280119451688e-01
2.134661159111041151e+00
-5.815831687923462417e-02
9.579082086626680703e-03
-5.508656010036655504e-01
1.011591776731461723e+00
-1.017244271732845595e+00
-3.734378575611144169e-01
-5.975696386680720007e-01
-5.915701163876405655e-01
-3.339499467298389090e-01
1.698457701739274905e-01
2.146492874621991565e+00
-1.307837264184251946e+00
4.539843610918942174e-01
9.838143949122606369e-01
1.320673192518762695e+00
7.199544956762432557e-02
1.095436157577325487e+00
-1.636521900814050579e+00
-1.417070107990361372e+00
4.582378024373474079e-01
-1.368305234587995134e+00
-3.443175022561190790e+00
7.256272382544551869e-01
9.566208562802003268e-01
-9.742686745699317141e-01
-1.368363844338478019e+00
-6.497625685942163276e-01
5.339429436034937027e-01
-9.004085601450645404e-02
-5.591704922804301425e-01
2.244808389403114113e+00
7.950927248332329000e-02
-7.640603476850210685e-01
1.347384812407477206e-01
-1.902435979666738497e+00
-1.060899739023629662e-01
2.187425362168180509e+00
2.418471593255369534e+00
2.549330842591132074e-01
-1.236028932764610122e-02
