1.021856223177181278e+00
-2.391619220561517434e+00
-1.004804129062392803e+00
3.101866615344621714e+00
2.712286913977858482e+00
3.596272834999039714e-01
-2.843665410250351133e-02
-1.471062825051252076e+00
-1.976535171709769001e+00
3.262496921211193612e+00
-2.934141145913393256e+00
9.736928113653271488e-01
-1.790399498785183452e-01
-5.128612871007757201e-01
1.420911155565569572e+00
-3.114301451271541676e-01
3.880840898619485335e-01
3.306265549021751848e-01
-8.572385443756177503e-01
2.945382896318930577e+00
1.518005872254974520e+00
5.487763341145879270e-02
1.143957257952240125e+00
9.120365706678152939e-01
4.559399310679168593e-03
1.776578692454539032e+00
-3.627577412240899912e-01
-1.300512750114220795e-01
1.653709644530344747e+00
-3.059327950629902038e-01
3.073273735409137064e+00
-2.781453743471416384e+00
-3.655639542809692166e-01
4.382546026529385297e-01
1.233616303418462401e+00
-2.659467518709109690e+00
-1.131205430868596373e+00
5.264163300813244906e-01
-4.896918335685626067e-01
8.446492222987983522e-01
-2.148240025524142394e-01
1.581795444602809297e-01
-1.397043203798365774e+00
-6.681668143884882394e-01
-1.199869007089211514e-01
-1.052071404959266765e+00
-1.300012220455098344e+00
-2.840741750937779919e+00
-2.434911631108947372e+00
-7.013125378675189037e-01
8.123170408205931947e-01
1.377077328616606477e+00
2.468137038097381053e-01
-1.012181313801411520e+00
-2.873087551882366419e+00
-2.451179328872350460e+00
1.363776288394082492e+00
4.019894320651418163e-01
9.109124623870615833e-01
5.123417889321375540e-01
-4.150382003879927173e-01
3.371958762422676004e-01
-5.184917769570884793e-01
4.094906126260150492e-02
2.120419088967295806e+00
-1.425667373844800245e+00
9.982706403607042311e-01
-1.086841457840361791e+00
-3.880053869225244867e+00
-7.734782995454088095e-01
2.629394295997784958e+00
7.067991026205975302e-01
1.856313811517394718e+00
-8.825002336302945061e-01
2.394801940375048677e+00
-1.327712349717701468e+00
6.972158885516857030e-01
-2.179663924209619630e+00
1.696390331978896659e+00
6.322055612622344833e-01
5.797251218735485212e-01
1.575895344775707363e+00
9.250414255375511985e-01
-5.062025037793400628e-01
-1.112648188129771620e+00
-1.370231399819677176e-01
1.197214205760880557e+00
1.011434533740949604e+00
-2.015645999621146434e+00
5.611548029314468167e-01
-1.333451117848579948e+00
-4.181373262101074850e+00
6.303606118471676290e-01
1.231433504045492455e+00
1.973763252717227079e+00
-1.585444980645876356e+00
-7.947685164272155767e-01
1.097659814140740098e+00
5.785903203613900203e-01
-3.553950964225666143e-01
1.476305856563075114e+00
-8.757482487847092489e-01
7.428533490764108738e-01
-1.329909490937552397e+00
1.200186814542198444e-01
1.974001689773338342e+00
5.948365779108095719e-01
3.572640386011705083e-02
2.590294271376685220e-01
-2.544750424304335734e+00
-1.994534123312173834e+00
-1.543319567407520410e+00
5.816733236516027361e-01
-2.784558232943216138e-01
-7.816547842797991752e-01
-3.434313023798382103e-01
7.709806262356813100e-01
1.636172605301371208e+00
-1.156452355753337519e-01
-3.645482534738249569e+00
1.691521195742532013e+00
-1.791258075618106904e+00
1.912448222930899888e+00
-3.304940599715174288e-01
1.523939045773027079e+00
-4.648135888457300413e-01
-2.802864043952899009e-01
4.082223183245480058e+00
-1.428877638368121428e+00
-4.744128239644264666e-01
-3.850921894483987362e-01
4.716454606085160872e-01
1.508932949323656958e+00
1.666949224820984954e-01
2.041372480878856255e+00
-2.342211420434006541e+00
7.847615776099503559e-01
-8.956228080930926927e-01
3.680638936448729082e-01
-5.392567774465570896e-01
8.915095727540659487e-01
-2.939131802861961740e-01
-9.079916095158394596e-01
-2.601816614547123319e-01
-1.179829033060447063e+00
1.788064493716565173e-02
2.700209445691754695e-01
-1.150115423901774125e+00
-1.399232892269383299e+00
-9.382758847280991965e-02
5.701426702183965967e-01
-1.974927528061552362e+00
4.679299983265629015e-01
1.230114853597040314e+00
1.625018596438366547e+00
-1.102168089679421481e+00
-2.202029470428641389e-01
-3.512339042084655083e-01
-3.210382669313202042e-01
-2.351527656457910176e+00
1.991934506284926298e+00
-5.706878078313116706e-03
-1.303886995611078792e+00
2.950642267190944246e+00
-8.334429410374690761e-01
1.695704981950452161e+00
7.834327382112507010e-01
1.730337871355174251e+00
1.162716487590719439e+00
7.224794099741980169e-01
-9.027436390914271858e-01
-1.113836008887025830e-01
8.092477909433719585e-01
9.125299166032807552e-01
-2.635402611217615432e-01
-2.792579464068124517e-01
6.515674164403664204e-01
3.568182857897100879e-01
-1.505538021663509918e+00
-3.938931749481064393e-01
5.911700591916728698e-01
4.042899403469696340e-01
1.148169250721233769e+00
-1.692274259788011381e+00
-2.310474488248232650e+00
-7.693656128336365807e-01
-1.610303449148865473e-01
-1.112546246309522813e+00
-4.125446028009046584e-01
-8.014601807996792893e-01
-9.370119244548120729e-01
-1.076403608603255790e+00
-1.244187447000058233e+00
-1.402403058717865969e+00
-1.712353870523945609e+00
3.244191350600890700e-01
-2.204604933193633765e-01
6.370312969067335462e-01
-1.208372493189787011e+00
-7.626462243806811925e-01
-1.648758332007404626e+00
3.918946625739008205e-01
-6.721508227025572157e-01
-9.662324534900378348e-01
2.881276615076486802e-01
-3.692923041329636558e+00
9.198526689574371140e-01
1.863173472156276045e+00
2.205631020940403975e+00
-1.360362835480611432e+00
1.278688803252753914e+00
-8.467936986115609521e-02
-1.865477398989861424e+00
1.083573707281279275e-01
-4.796951379050554132e-01
-2.421803218315634165e+00
-7.356759194425143145e-01
-1.594321665001971589e+00
1.145825590324225818e+00
-2.312090886305043558e+00
-6.994326179782206498e-01
-1.154785979542121144e+00
4.204843369041927348e-01
2.016039728792097030e+00
3.734129134760733049e-01
-1.186394107400993381e+00
-9.992330669455112835e-01
-2.025914894840221692e+00
-8.927613547140991201e-01
7.828844478965789611e-01
1.237586253527583002e+00
5.683707758288472078e-01
-9.981655598565783438e-02
-5.208450825284444141e-02
3.588187198174016546e-01
-2.103448926181575196e+00
1.810096419372281051e+00
-1.940949779911838480e+00
1.828590898079582860e+00
7.732484487832365083e-01
-2.165269185639295824e+00
-9.835914225250101672e-02
5.779171728784999740e-01
-1.045765881221663585e-01
6.989168240210364980e-01
-4.078256561086357479e-01
-2.280566448012653902e-01
-5.546952961461490972e-01
-9.349516418839278753e-01
1.816834949523009390e+00
-5.364313176457107257e-01
2.868587567558896767e-01
7.248599898647717366e-01
-4.457879985667259071e-01
-1.235406386213686147e+00
-2.584315104026282839e+00
1.177328757787586611e+00
1.289490156574997881e+00
-2.617675753896701707e+00
3.151204908875135935e-01
2.431238958843928266e+00
-1.531995587580857299e+00
-8.646919729255622133e-01
3.221552095611916577e+00
6.720643999814670533e-01
