-1.989176103070370294e+00
-7.261246519468111948e-01
-1.576573804402236156e+00
-1.278869894831511589e+00
7.994462546424478955e-01
2.252932652656118862e-01
-1.140443623061773826e+00
9.288270558261730869e-01
-3.291593017135873156e-01
8.649537098682485992e-01
6.961498959658061203e-01
9.708503387650690986e-01
-4.417824956406493087e-01
2.665409408061157337e-01
2.051703144667520018e+00
-5.988883426497474405e-01
-2.689642620359214975e-01
2.006632859369432698e+00
-1.197445647065329188e+00
-1.639203190063662996e+00
3.020410144947534015e+00
-1.194565973276352722e+00
-7.827479117423010724e-01
-2.458366461261413338e+00
7.117468506275019813e-01
9.913965082527681494e-01
5.062732946180326099e-01
3.144889048224566164e-01
9.985769109133455501e-01
1.811498252667266495e+00
2.524124714139142078e+00
-1.435537935732758896e+00
-2.050332651234124892e+00
-1.302545698348169800e+00
-1.158966973605021433e+00
-9.004698824818833103e-01
4.158118026065368511e+00
5.504843905538135962e-01
-4.300480812776156236e-01
-1.016656255540425269e+00
1.533131974899413441e+00
-1.057241709588633949e+00
1.549633701598259750e-01
-1.868213489244309189e+00
-6.872724897434704383e-01
-1.962676686387054392e+00
2.046398569979782422e+00
1.253062112380447735e+00
3.879589407717309868e-01
-1.882659858065234504e+00
-6.209529378807838729e-01
-1.103929503576016380e+00
9.787935053016814102e-01
-6.143601706876544721e-02
1.354252540751776701e+00
1.015128651064089560e+00
-4.325959604969242811e-01
-1.114265461725858941e+00
-8.041035031720559223e-01
-9.667310980386092378e-01
3.013716792025025737e-01
-2.067520455038916793e+00
2.261921264410957089e-02
-5.283698081000217650e-01
1.596715288624718232e+00
6.113132774284145421e-02
-5.053561018731844712e-01
3.087233493130321360e-01
-9.756891370841617173e-01
-8.589146117217639764e-01
5.195726021713624743e-01
-1.196587446332958660e+00
-4.814220525474884882e-01
1.002705598989870106e+00
2.042234492820231395e+00
5.169748403625015198e-01
-5.381308151820640706e-01
-1.361307808274823783e+00
-6.326542403232555678e-01
1.562115554875396439e+00
1.024573565389035101e+00
-1.085750427596025247e+00
-1.401356684990669121e+00
-2.045337068519233359e+00
9.068445757469631996e-01
-5.655294345744209528e-01
-3.859463780498673113e-01
2.487777737735483718e+00
-2.059336362695900480e-01
9.739087384848362783e-01
5.733992856812103467e-02
-1.775240646426795355e+00
-4.895452264520924190e-01
-3.352361342977706604e-01
-8.700514619389052573e-01
-1.844581025865091650e+00
-3.081638524311868799e-01
-8.022196198836037961e-01
1.316861455977036854e+00
-1.458673899951582253e+00
1.962116370706256108e-01
-1.937657394494844532e+00
-3.618026404445778277e-01
4.187734668420568518e-01
-4.246598860924111207e-01
1.161375037914453179e+00
1.253207250153472452e-01
-1.371273487310187056e+00
1.631746501930297910e-01
6.835217945573430764e-01
2.737886940949738612e-01
6.973746320738520854e-01
-3.084776687228558245e+00
-1.780698336852646335e+00
1.081354340749885345e+00
1.167865137575972434e-01
9.524144507171945495e-01
2.148635777990987705e+00
1.935431281270315829e+00
1.800438607252713652e+00
-1.702717122188959431e+00
-1.067035514341835301e-01
-1.027056574736240790e+00
1.394872210109525446e+00
-7.911149471131149191e-01
1.355693485798788567e+00
-1.102099236184076680e+00
5.712617163540807674e-02
1.451050359254039135e-01
1.973924213864541866e-02
-1.048635298646525493e+00
-1.451938524442514478e+00
5.776594819549332183e-01
-2.958812961295242960e-01
-4.847087018391194047e-01
5.294441468210785429e-01
5.607330513818923334e-01
-1.869957896274712317e+00
8.261341713216754368e-01
-2.271068718878274384e-01
-7.862280482651829994e-01
-9.678873187958977331e-01
-3.599202530353027285e-01
1.340528131851412841e+00
-9.983345078295400299e-01
1.073865497622859877e+00
-3.214384178886706245e+00
-8.143282406362610804e-01
1.697656549439414686e-01
1.548215723697477397e+00
-1.380019961040928056e+00
-1.297973277214461985e-01
-1.583884112948233280e+00
-1.769866821817891900e+00
-9.143469746172663837e-02
-8.555795820239986416e-01
8.242358077704899921e-01
3.816963702291682470e-01
-2.732963146153584155e-01
4.395436894722480892e-01
-1.815356893910978764e-01
-4.715172849453993509e-01
-5.043550317897533830e-01
3.556002689262339755e-01
2.932239668404819088e-01
1.269091235632974657e+00
-3.197530300088191613e-02
-2.122543971521865469e+00
9.574339820083116459e-01
1.257671139296364871e+00
1.624538393538599301e-01
-1.080943456972713879e+00
6.744062950090576880e-01
-9.534280164439248306e-01
-2.588285593031215415e-01
7.146776606635750761e-01
1.601592319026335365e-01
-1.631986461814940448e+00
-5.944293043767434614e-01
-2.320795270562046486e+00
-2.832595678934648920e+00
8.991663909884384243e-02
-2.531762537293918980e-01
-1.179122994931543822e+00
-6.671154510504875845e-02
-1.384851457646835371e+00
-1.425058063343297654e+00
4.771170344140887032e-01
-2.911355882033729525e+00
-6.857619743034881754e-01
-3.318098716075807531e+00
1.152050729815833563e+00
9.160385018488429454e-01
4.153130321123386093e-01
1.496212251368284285e+00
-7.286398234216007186e-03
2.205786613115991113e+00
1.057424446717573296e+00
8.722624946683705804e-01
1.166585186319793577e+00
-6.002634336643832835e-01
2.289238113594006752e+00
1.629533620132079585e+00
-6.122877008452489722e-01
-1.438936025955699582e+00
1.190183576696386414e-01
6.933551223994876000e-01
1.195358725474119144e+00
2.274330224066055894e+00
4.922627366901064505e-01
1.981012804420458906e+00
-1.230982129467111719e+00
1.564508927179470321e+00
-3.259084457968690618e-01
1.040703477145804579e-01
1.124248509567004062e-01
2.133340205903438758e+00
-9.298833060564136721e-01
2.725645084239632254e+00
4.914143958782805077e-01
3.431556133138403908e+00
2.219148677286861826e+00
-7.074831927081788319e-01
-1.390144009786760781e+00
2.451137922002653569e-01
4.981561716382565397e-02
-3.087932413596709003e-01
7.614211163401458649e-01
2.329068694109310833e-01
3.714551646615112390e-01
-7.722202179541552969e-01
-1.120654814690265622e-01
-4.117278109244253970e-01
6.160891059599180597e-01
1.265639400134759285e-01
-1.385832269447794918e+00
2.325576825995302688e+00
-1.171987280047998681e+00
3.084065249135929943e+00
1.681441246345283247e+00
7.257548132826874276e-01
-2.025374984202079620e-01
4.926973519912833388e-01
1.246747259085975612e+00
-1.687838742231803635e-01
-2.250137950220099992e+00
6.119293640831409142e-01
1.518159599645041213e+00
9.213142003758673093e-02
-3.028361209503838136e-01
2.200014611275745158e-01
-3.267859557684114624e-01
1.222879853780661108e+00
1.921759601074733537e+00
-7.325712990912518485e-01
-6.960788092114363890e-01
5.254729690485933080e-01
3.946217312064314586e-01
6.395660170718696635e-01
4.107594453462779516e-01
1.007523568957655463e-01
4.504901500064749653e-01
2.720029791041421952e+00
-1.790325074602332700e+00
5.600925792555584426e-01
