1.391722838235259774e+00
-3.170546411457014768e-01
4.826465588109068450e-01
-1.168415830490057372e+00
-1.231008980695110999e+00
-3.355550321377936407e-01
-1.839044377774089190e-01
2.038625386782929802e-02
-1.844489474192668454e-01
-1.317989290946935288e+00
8.038022649751865867e-01
-1.359520215836959034e+00
7.885539807125616085e-02
4.853362508568526690e-01
4.008747305024282746e-03
1.375529695993523704e+00
-1.282807861362650792e+00
7.388696118010912306e-01
-3.871834685822393984e-01
5.825498998311404719e-01
3.161446164167466821e-01
-1.551046315634842632e+00
-1.631556381868305206e+00
-3.562944864157728264e-01
-9.023202537193072414e-01
-1.517278565722029571e+00
8.228068907814339861e-02
4.903323809449879889e-01
-8.656218442437711991e-01
-1.170581329127786119e-01
-9.090721133428618650e-01
-1.216299112497799539e+00
6.556187905786634573e-01
2.404880059083835606e-02
5.521931921002645183e-01
1.679574762713181402e+00
-6.838206450402514180e-01
7.662882877716371555e-01
-2.285260328603600233e-01
-6.749571102840298265e-01
6.940972598117810533e-01
-2.431621181712685931e-01
-5.731352009633919886e-01
6.484212145016751139e-01
-1.441054275624825465e+00
-5.244413471192453935e-01
3.791998764518665910e-01
-3.440321692178160418e-01
1.661853111907961811e+00
3.061302305078993438e-02
-2.357198219256321503e-01
-9.098037713015065808e-01
1.169154011300579388e-01
4.306458968458762859e-01
1.344382854646844594e+00
9.578346463847512426e-01
4.314823887801078062e-01
-1.193881488255627010e+00
1.004920101088182527e-01
1.248086137276331220e+00
1.123439485015377937e+00
-1.160354665645526723e-01
-3.006038171082713872e-01
7.306547049153951923e-01
-1.918982633395007742e+00
1.739174240135029192e+00
7.755267457199366277e-01
6.829614928472880209e-01
-5.463865711836149996e-01
-3.367393716099951750e-01
-3.543625788222888873e-01
-1.087822227343522075e+00
1.092026871329530691e+00
1.484179010869926207e+00
-9.214974351867977198e-01
6.082293015612159071e-01
5.693526869906935517e-02
-3.659737017680987359e-01
6.119461609560054027e-01
1.805056997405979358e-01
2.341984980948789985e-01
7.604199933132331779e-01
7.395626504349290808e-01
-7.372139759984922547e-01
5.904020415457686966e-01
5.849024678633016894e-01
1.737823139897370472e+00
-4.428361362428482884e-01
-7.566065861809186943e-01
-2.299653215590913846e-01
3.717998394812965235e-01
-4.582089224402638439e-01
1.200193441246740100e+00
-4.128826328583447558e-01
-1.870871976043938734e+00
-1.506383085769646302e+00
7.904859972928817147e-01
1.577985452575959124e+00
-1.802592767708187382e-01
7.619936417361525827e-01
9.539788071429856631e-01
1.454231120058326665e+00
-1.803929183451742135e+00
2.021548360914771969e+00
8.275646961788811762e-01
2.594229938575724481e-01
-8.888486562166449945e-01
2.360034752995833762e-01
2.880316367483900727e-02
-3.962959147155905443e-02
-1.663217836587566334e-01
4.208762932100006404e-01
-9.205785627146895189e-02
1.367804291239961001e-01
8.719428761243201986e-01
8.743326930537564934e-01
-1.562712768629400395e-01
-4.996604562330993482e-01
6.913560646556903277e-01
8.955811099860011559e-01
1.408779719579899892e+00
-2.232106332086587208e-01
1.333757738244472323e-02
-7.181521909973257456e-01
-1.155351120419348732e+00
-1.488335029021385647e-01
1.374066463527390036e+00
1.890252259737031482e+00
-4.849956851248386491e-01
-9.111351787449760709e-01
1.359081388536208745e+00
-6.614939851456449471e-01
-3.130183704628188290e-01
3.591775634760871472e-01
1.164255535201434322e+00
2.003767970926945807e+00
-7.787262859324697861e-03
1.135627954827568731e+00
6.575300921209201732e-01
3.175412789683461634e-01
-3.882634575897027096e-01
-1.618315417532297129e+00
-3.344642586230539005e-01
2.304411269305215726e-01
-2.235415064726375078e+00
2.359886927981614257e-01
-4.012215819267074268e-01
-3.675175177076455135e-01
4.318373959621731872e-01
2.904525953967604046e+00
9.391673915469321843e-01
-1.019278984852342251e+00
-9.964201301357069607e-01
8.356018116453638456e-01
-8.242783512773346200e-01
-3.168992407898010150e-02
4.223898289193373512e-01
-5.378144436022211927e-01
1.611617239047359984e+00
-1.050464669629296299e+00
5.850603351548169240e-01
-1.596438779682075815e+00
-5.090019261736437040e-01
1.582640674286597049e+00
6.156559724421245550e-01
-1.568383861968470683e+00
-5.260638122731707833e-01
1.881410229857731209e-01
1.036552511258337361e+00
1.015406867474955149e-01
-6.422577334971533158e-01
9.244161120368593609e-01
4.109788978100336054e-01
8.439006017203645182e-01
1.512298426070081137e+00
-1.345647252251159331e+00
-3.994633696900263264e-01
-5.513882548282902363e-01
-1.049385661140701309e+00
-1.587501107682733448e+00
1.250147866148339615e+00
-2.496251912908815374e-01
4.513055296315026110e-01
6.381764964477817381e-01
6.689984871301681013e-02
1.748719793556148885e-02
1.955597406307428843e-01
-9.190065543331864539e-01
-5.188537235551473614e-01
7.626641849121917893e-01
2.766540469698435811e-01
-8.155525251995850156e-02
5.846938330001077294e-02
-1.444218756070062781e+00
-1.892909690641337850e+00
-1.358988527885579778e+00
-5.767913178500867488e-01
5.482582912762570260e-01
-4.469572691018067201e-01
-4.783866263569019339e-01
8.328417263417381422e-02
1.120420281975941901e+00
1.053885159746693168e+00
-9.382262431869266006e-01
1.706466339697185530e+00
6.266168753607130881e-01
1.219830236903247239e-01
-5.599600101553339204e-01
2.176137977040730753e-01
1.124881431070193782e+00
1.917148394593690477e-02
-1.403133513349475114e+00
9.516238817731204058e-01
-1.732779866600467233e+00
4.443267413104073915e-01
1.034519419546352070e+00
7.830695503979567818e-01
5.035252465797208643e-01
-2.972060057492143526e-01
6.287258976106329111e-01
-6.027345213185802963e-01
6.031227158648505560e-01
-9.118953816880125407e-01
-4.645938474015240960e-01
8.294719817295144182e-01
1.749882457121479051e+00
4.639124655085574145e-01
6.558446596468878731e-01
-4.560149185778867298e-01
-1.725592288999767965e-01
-7.434873991098965851e-01
8.580247300890014861e-01
1.770860837336603322e-01
1.824264037250073800e+00
1.183506773919049404e-01
3.317378157371189684e-01
-9.409179898050453739e-01
2.058708539656421699e-01
-6.259795484553441758e-02
3.559396820172270881e-01
4.872631524287026217e-04
9.627300721296299102e-01
-8.240210000162427884e-01
-8.632870549565088703e-02
2.904648096474256036e-01
-2.704191696231969533e-01
7.485711973630780891e-01
-7.999034249263762275e-01
2.077564269000438113e+00
1.820063100920827903e+00
6.489409174820242043e-01
9.146464729316108322e-01
-3.559807534840554455e-01
-1.638346148342947201e-02
7.388348070975525594e-01
-1.577032143802660213e+00
-7.273955608523726690e-01
-4.050550861997505581e-01
8.664982368882854225e-01
-8.719894141135308141e-01
-6.036013886100403125e-01
3.074841256162724190e-01
-3.573067246790607721e-01
-1.165265417381006641e+00
-1.315541678750008769e-01
