-9.070703635052678182e-01
1.583916051201978981e+00
-1.710608053134335504e+00
1.328813386558550302e+00
-1.037423412227048036e+00
1.760465398479393873e+00
7.715063249794057443e-02
-9.004604589973521644e-01
-1.700940721375939491e-01
5.988237424385933760e-01
1.622108927300815129e+00
1.977225125247719761e+00
4.251818050114039571e-01
-3.988779463940600456e-01
-8.479024400465340339e-02
1.787000207461856283e-01
-1.057302314506125551e-01
-1.789170693954466040e-01
1.590948656329751021e+00
2.726948165444490702e+00
3.206014536442162388e+00
-7.642624967230365884e-02
2.202543594680617112e-02
1.380169136933972140e+00
-9.378596017165070631e-01
1.489847607110577732e+00
-2.532858964858474282e-01
-2.319779082251332003e+00
-3.158420805803977549e-01
1.593600256024424455e+00
1.270011932728964399e-01
1.027353286329524273e+00
-8.252549579994430395e-01
1.014949980973401722e+00
1.099387056493335457e+00
1.230587723590774285e+00
3.920909535098257570e-01
3.130386302692355738e+00
4.900456895764296883e-01
-5.736448411782883727e-02
-1.013523357334880082e+00
3.319926131454629559e+00
-1.033838964082160583e+00
-1.557710677619955075e-01
4.789564011735772397e-01
-1.008645061012310995e+00
3.946930139256841219e-01
-1.290627268629967794e+00
-8.435783516344097510e-02
-3.149780470291206225e+00
9.216142933444783081e-01
-2.284458950556402357e+00
1.970093374277019471e+00
-1.190518345109762510e+00
8.376258590702437834e-01
-1.258820827445554791e+00
1.552238623967873599e+00
-4.144769631220711625e-01
2.473952235398252597e+00
-1.678569034219211664e-01
-2.286405165216192636e-01
1.613671471965042459e+00
2.029695379875175121e+00
-6.393221705950774547e-01
-5.348369867096295360e-01
1.992356349654061498e+00
-2.155233863043276299e-01
6.340582359135962243e-01
-2.668601103657732843e+00
3.159906836583743495e-01
-2.755399410102572055e+00
-4.223234869957119830e-01
2.307684623621675257e+00
2.658732470218638233e-01
4.467721093489826489e-02
9.380975099104083004e-01
2.530003796772714697e+00
-7.796839019198500420e-01
-1.606108333925980958e+00
5.219323411673111313e-01
6.801407430565862278e-01
5.974799658798740642e-01
3.002845968599765492e-01
-6.171054078992787018e-01
6.435147966238528028e-01
-9.018238623188092051e-02
5.886291767494158389e-01
1.120583056152178458e-01
8.513311072911244892e-01
-1.346386350870331761e+00
1.110985645557084123e+00
-1.204570853733689884e+00
1.056394422386970344e+00
1.072796305911447812e+00
7.716887709340639057e-02
2.845285235791616074e+00
-4.956070492621401646e-01
-2.460526038608030208e-01
4.170106912428956369e-01
1.251455665169076248e+00
1.118428187125403150e+00
1.698657061349296837e+00
-8.613054768965852093e-01
-1.551824388568157076e-03
1.147688633288954652e+00
5.187090471129885971e-01
1.393001091542676928e+00
-3.328576581825901104e-01
-1.554058621069295265e+00
-1.515670553860058778e+00
-6.133545791310588413e-01
1.333092962960946037e+00
-1.187467752871889104e+00
-2.494028575922753177e-01
5.039321403410451650e-01
8.438837062242497966e-01
1.254788615210038705e+00
2.179436509949796430e-01
3.885487246056601451e-01
-2.217030118990850784e+00
1.930364209551239441e+00
-5.523393998348460343e-01
-5.327103881702531796e-01
-1.433579950461341124e-01
2.120705798825104627e-01
-8.419428609340975367e-01
-6.247193792683891633e-01
-7.637414781542845033e-01
-5.575768968644995160e-01
-1.922423551211306147e+00
6.112144179387171694e-02
6.065856679524876949e-01
-3.133679657644788397e-01
-6.057178002423135865e-01
-1.034842634173158693e-01
2.940504010156312908e-01
-3.716957559686703272e-01
-2.782345988544539406e+00
-1.207964055105946288e+00
-7.479586300982117297e-01
-1.843603144967059793e-01
1.102821645607096723e+00
3.498338773888942654e-03
-1.320524936133831817e+00
1.176787439481693065e+00
-7.171752545544278767e-01
-3.685787085374304661e-01
1.742656450818468095e+00
3.693552309522818433e-01
-1.704086723053463093e+00
3.259813974620423549e-01
-2.747895552067751712e-01
1.221828939129255609e+00
8.850996434773451549e-01
2.394080791670296637e-01
-2.036703110008833306e+00
-8.856083246279458088e-01
-8.759191695911764386e-01
-9.920067296625473263e-02
1.761430416245206021e-01
4.701260145383867606e-01
-3.381531621716872271e-01
1.859971449145004341e+00
1.551532948821385371e+00
9.147502007092530585e-01
-1.475101141075429445e-01
-2.412305657867898745e+00
-1.286244344921957605e+00
1.978918598595165168e+00
2.372714883110534689e+00
7.882271044316684350e-01
-6.309197864985032211e-01
1.891607496197336147e+00
1.333071836054970261e+00
-2.364391119116794115e+00
-8.015469006097059035e-01
-4.440769844564838587e-01
1.879733263387930231e+00
5.588483896374727422e-01
8.539822272994576080e-01
-1.545611684917205242e-01
1.536984022475057721e+00
2.711055035355627307e+00
3.423709983753421282e-01
-1.724653457969481885e+00
-1.019988500992770608e-01
-6.411911329447031460e-02
9.455878384361771083e-01
6.263344419534366825e-02
1.318443739662635172e+00
1.459356512431054353e+00
-1.257291597648603432e+00
3.680839324033665649e-01
3.582956166683625154e-01
-3.282849179078051183e-01
1.581347792852715317e-01
-8.029968353976361106e-01
3.345286876657313502e-01
6.768862915918042455e-01
-2.749578546936456203e+00
8.764625257510801903e-01
8.610221376542425142e-01
-1.100305166445494365e-01
8.243525659403710959e-01
-6.690651173344683844e-01
-1.319404026966869647e+00
-5.927588697559993403e-01
-2.449768855981262483e+00
4.011467554451307871e-01
1.405976439637584452e+00
1.320091908122027480e-01
-1.430298671434781399e+00
1.414645260538255123e+00
-5.645745649824093215e-01
-1.054162696793575493e-01
3.378637513089961963e+00
1.404919236195202981e+00
3.910358986473365661e-01
1.149032968437354807e+00
-9.850668719008348617e-01
-1.808309709228253404e+00
6.338687132034891425e-01
-2.668387955073712625e+00
-4.512477744548432090e-01
-1.531055696491765428e-01
9.274072051899160396e-01
1.131924475288227150e+00
1.544229062544637099e+00
1.941400782128749558e+00
-1.493949908653477765e+00
-2.620335099860868766e+00
-6.370984626259994510e-01
1.364867963813555019e+00
9.813578443225733361e-01
1.814085570971593286e+00
-4.789307410405482801e-01
1.564717082053832753e+00
4.692865490063455880e-01
-1.106040354602860765e-01
-3.219027973474108961e-01
-5.540922121115217092e-01
-1.698696220139613855e-01
7.685221894092215678e-01
6.957647896779549646e-01
1.668661310747705517e+00
-2.069266929774873809e+00
-7.580785308859527838e-01
-1.670385379591365238e+00
3.112142775095334546e-01
1.348347439790706037e+00
1.548632425849255645e+00
2.605657168906649002e+00
-6.847312429480881812e-01
1.134530086501849722e+00
1.434692982413676710e-01
-5.390449793975363169e-03
-9.252562021748174104e-01
-5.068728911439912554e-01
9.594715475360837686e-01
1.347745818828574915e+00
1.267010604999201817e+00
-2.325134676776404952e+00
2.485693440686070899e-01
2.766624487306427183e-01
-1.073585235479639799e+00
