-2.072815274382657780e+00
-7.017728308984827468e-01
-1.024238598127344080e+00
-7.370873531371859855e-01
5.708588542035798463e-01
-2.524815638278413155e-01
-1.067577225751688230e+00
1.734796137821991380e+00
4.405462860738234010e-01
-1.414823215556286984e+00
6.121965620045122236e-01
-9.715889653411739768e-02
8.071280540414402793e-01
1.096398469718663060e+00
-1.732812366871092857e+00
-1.775682815760160627e-01
-1.705628252298243552e+00
1.605741473679930476e+00
1.137911813197032052e+00
1.823244121789564520e+00
-1.925256834243496806e+00
8.103835892711135358e-01
-1.791010471273135396e+00
2.470177567757665948e-01
8.753809972600655742e-01
2.864015110608949533e-01
-2.454243023261674317e+00
1.179724846797679749e+00
-4.276863431854138753e-02
-4.342545268001739012e-01
-1.737530660061699095e-01
-9.330755568275524992e-01
-3.750297723740727562e-01
-1.434727211455255613e+00
1.031468135580697609e+00
-2.372891171163336033e+00
5.052618202641157019e-01
-5.306045547922113581e-01
-8.157298402909651802e-02
2.429565891891193097e+00
1.980573721200852955e+00
-3.525593880865179885e-01
-2.682996491399775030e-01
1.499852620097936740e+00
-1.182970660027737431e+00
-8.610810368166268436e-01
-1.911014639632201972e-01
-1.493003359789089934e+00
-1.075640719267279666e+00
5.180924119895637947e-01
5.394502375234935254e-01
1.104418753678573450e+00
8.726687976947126169e-01
-1.065336896004911660e+00
2.690947334912970335e-01
-1.933192610409956158e-01
1.848230920325805604e+00
6.557705396406060538e-01
1.909597488683412170e-02
-2.791387248339167737e-01
-9.274517429137277835e-01
-9.296961353797694727e-01
9.159933308018539111e-02
8.272946152587060675e-01
9.599968813598249717e-01
-6.073112819630046566e-01
1.074716004191388907e-01
3.634903094024269365e-01
1.167517899126413461e+00
8.884844324184211217e-01
-2.776580606578141985e+00
-1.847063909702406359e-01
3.000814368182969094e-01
5.393456350958968359e-01
-9.878207878697253808e-01
2.091904760496247295e+00
7.863078930860569749e-01
-1.257311504109064337e+00
-4.429285415626050826e-01
1.644031248870319317e-01
8.050384345532639596e-01
-1.388886634163267519e+00
-1.969118057838192826e-01
-3.251110345981780725e+00
7.491437642035889688e-01
-6.146612197637315589e-01
-1.552648183712608043e+00
2.382832421932625344e+00
3.975751732338042022e-01
-3.508726861520171658e-01
8.882908674155305384e-01
1.562262774564896040e+00
1.344020800045815589e+00
2.059145472200624383e+00
2.410778805190429974e-01
-6.981329479196449750e-01
3.859986365269836850e-01
5.677415122468270070e-01
8.049718079285216321e-01
-1.577520356475519137e+00
-4.285682708025587151e-02
-2.376621007996206458e+00
-9.101888587554508858e-02
-3.870490554885753776e-01
1.148331685815077829e+00
1.054921999915437780e+00
2.131756030466745333e+00
-1.466322885402739251e+00
1.753502354934605156e+00
1.295670977141434976e+00
-3.685358937034260984e-01
-7.237701860499442530e-01
-7.407145674689383785e-01
5.602207572352133624e-01
-2.684834327740530657e+00
1.118066927205724648e+00
1.224483147331329347e+00
-1.252641554637921484e+00
-3.747694068902370224e-01
-4.831927274963850882e-01
-1.202566948973271099e+00
-1.699518995005988575e+00
4.551919694647084125e-01
-3.157840837342384410e-01
-7.510453771375241727e-01
3.480137660457485738e-01
2.511204796473220924e-02
3.770706566650789959e-01
1.094350530640975538e+00
1.859247106842962349e+00
-7.430568071044862943e-03
1.292749626816422692e+00
1.072851003207591303e+00
-7.247113133187980116e-01
1.758175546378671905e+00
-1.936868379634800741e-01
-4.330457433425116687e-01
5.965607099464951268e-01
-7.073276792655094347e-01
7.429121319200496787e-01
1.375153480527327332e+00
-2.407473315194011754e+00
-7.897296586484565672e-01
-7.349428819307342042e-01
3.931103467999481627e-01
5.049086549511290212e-01
1.096609618435585132e+00
-7.261237327590468471e-01
-4.977874041123561133e-01
2.042613910927759124e-01
-1.187673119979183456e+00
-6.188540165508271684e-02
-7.987671052758874013e-02
-1.543615028057502503e+00
1.532328224652899529e+00
-3.237116047252542872e-01
-1.107605396024472499e-01
2.596323501904431175e-01
-7.703690851613388402e-01
-1.060588390268841774e+00
-1.232257491075083311e-01
1.675915500425770865e+00
-1.011670813094020849e+00
1.391825162759723122e+00
-1.284497129154433370e+00
2.822789402729013464e-01
-6.419080397549059569e-01
-9.340283845388422934e-01
-1.060630091060218438e+00
-2.301206751211362089e+00
-7.848340541180637286e-03
-4.445191397045205051e-01
-4.104323375282556974e-01
8.501403526701942770e-01
9.347619953804383597e-01
-6.591816625443960298e-01
3.485954377352815658e-01
-8.132317033603297940e-01
1.999914698847921057e-01
7.441388042880867637e-01
1.166300126196821108e+00
6.906941544548708123e-01
3.689265158001395206e-01
-2.774728143066048647e-01
3.659025888525545001e-01
-1.382352297597726709e+00
-4.284464527377083720e-01
1.035422919566735267e+00
5.226737652405994972e-01
-7.580484897444771386e-01
1.262637741017329285e+00
2.991760967580836539e-02
-1.324920435872018354e+00
4.834577006119835096e-01
-9.245923427048095000e-01
1.193367982572277608e+00
7.639749672033687711e-01
9.292986954366232455e-01
-1.013757092534623094e+00
9.613436756427451435e-02
-2.622919072144636932e+00
1.676706193984667470e+00
-1.483798988360480742e-01
7.216016374391308608e-01
3.545169761324342694e-01
1.309195606246733590e+00
-5.028235688961875116e-01
2.334682027595476939e+00
3.665640318330318781e-01
-6.885984523623913667e-01
1.454616935916913434e+00
-2.754994176395761940e-01
4.326216133782500584e-01
-1.481048386127303829e-02
5.508553237880035036e-01
1.026773985442312798e+00
-2.722716421684453492e-01
1.108473261445347857e+00
-1.324591389414478737e+00
2.838785790313854029e+00
-4.086767215354643046e-01
-1.897822217777327403e-01
7.377407025036615273e-01
6.892732820443773223e-01
-5.688887029999502021e-01
9.525831181720598173e-02
1.007153109045368922e+00
1.987399916856327442e+00
1.262130333096040058e+00
-1.043958757944481563e+00
-1.297972334201761058e+00
7.080114423977983407e-01
1.529126885778417932e+00
-8.474409705211463639e-02
-6.040791817159116839e-01
-2.683231532240557993e+00
1.635154065661537093e-02
3.528747846714477832e-01
-4.907517835537615891e-01
2.991449014395949901e-01
5.962533392310320757e-02
1.210712845626829681e+00
5.104366097310073513e-01
7.783105318267020678e-01
-1.157859067015826193e+00
2.519837921944536041e-01
-7.969446952672855078e-01
1.008604411055513461e+00
6.619160762835429868e-02
3.728404982050803618e-01
-1.884672729829541371e+00
-1.799563133030256834e+00
2.010398838359391593e+00
-1.875563459104367503e+00
-1.536413720811192540e+00
1.932119199418680822e+00
1.846858013521689712e-01
-1.175377199353865032e-01
2.639197948506776026e+00
1.390976991761074144e+00
-3.421967455292521665e-01
1.940058879808796988e+00
-7.792678665340595501e-01
5.249884723145651355e-01
-8.247604912791657306e-01
