5.286878870685812748e-02
-1.297359313744493647e+00
-1.991239658292838000e+00
8.646724808315795485e-01
-9.860432912206060774e-01
-1.774272155041177523e+00
-1.243504241513197162e+00
1.622791357728530670e+00
-1.332729215484580454e-01
-2.253962855007760169e+00
1.222420500805039056e+00
7.033801230642757751e-01
8.285138110807221956e-01
1.523027873152592804e+00
-1.089213040587848624e+00
-1.330092527841969741e+00
-1.651524882008868822e+00
-9.627340398520477516e-01
-1.226424082546987218e-02
-8.599851509668758887e-01
-1.871714849989180696e+00
3.883240116115119767e-01
1.165983754442970532e+00
-2.782395437482130252e+00
8.433139465998702455e-01
-9.878218147890568401e-01
2.014124961018767479e+00
7.059274915921149862e-01
8.851462810995749386e-01
8.077751743955636776e-01
-7.762679410962072257e-01
1.402822453221772570e+00
5.640891305257902388e-01
2.024690451721897211e-01
1.605578476826009737e+00
6.812147794253642363e-01
2.057491200912130169e-01
-2.560144266774303734e+00
1.484385011481241579e+00
-3.176072828491896427e+00
-1.384524148504249208e+00
-1.078941322538012448e+00
1.470062021578909972e+00
1.832282789877682228e-01
-2.895775239745416840e+00
5.224892594209865626e-01
-3.097779905292516567e+00
1.059408862985806277e+00
-1.844692765518044730e+00
-1.498278955713244764e-01
3.946597567078093394e-01
3.634643248221192113e-01
3.116774634856447901e-01
3.173226443954532128e-01
-7.875007555934326886e-01
2.434661188730602888e+00
7.575978355034252987e-01
1.763617462960886950e-01
-3.010355724730482407e-01
6.167324297620451617e-02
-2.107329913052772952e+00
-2.773658868660637822e-01
-1.143249378561609797e+00
2.243011960427590545e-01
8.645532053811957329e-01
8.073337311406263428e-01
2.273726028846835945e+00
4.328434895386736314e-01
-1.453932427958529505e+00
4.078585017299677373e-01
7.115043587460878616e-02
-1.020747454400996235e+00
-1.864399183984672526e+00
-1.113944938862124090e+00
-4.383366924699936273e-01
-2.657165191260679182e-01
8.506056015528558056e-01
-1.766161131666895479e+00
8.763839157952342251e-01
2.104376352436822528e-01
1.934506245123137180e+00
-9.261603642880819054e-01
-1.437978720684970346e-01
-3.508231740387314501e-02
1.550348562682497988e+00
-3.319349714967933518e-01
3.686383254577005886e+00
7.120994657058699051e-01
-9.745253473881403394e-01
-1.729344607827279390e+00
-1.950013968347046989e+00
-5.713007279613360190e-01
1.499781845648222811e+00
8.954243329480620073e-01
6.079805973519977202e-01
-2.261194272958405360e+00
5.291454360930045731e-01
7.828345144358631047e-02
-2.012313821267345038e+00
-1.436300948612778683e-02
1.770138054824406115e+00
2.541340107199460796e+00
-8.479675927022382043e-01
-4.931044417238836242e-01
-1.291049015648610743e+00
-6.516647220358284809e-01
8.723304104012036264e-01
9.896567067699830744e-01
-7.532638388824396403e-01
1.366535322355697080e+00
9.403485436246473705e-01
1.930919055051460553e+00
-5.396004702872092378e-03
1.501860947738792751e+00
4.074405025217101017e-01
-7.285571947314918584e-02
1.708373164521921339e+00
1.489706945326810250e-01
-2.451709844774319080e+00
3.557316546169850824e-01
-1.329048058658669706e+00
-1.050844781898847780e+00
-1.159977825692910525e-01
-8.403651730094999217e-02
5.298724853521629141e-01
1.002813706341576738e+00
-1.607439413783178006e+00
2.468247492378617736e+00
9.031158907506269262e-01
1.151586894724595300e+00
1.773475011191037343e+00
4.104632368174747081e-01
-1.870812846721796596e-01
1.383438712432029316e+00
-9.436204543380288801e-01
-6.192203402786820021e-01
-1.914972817423055362e+00
4.388944899059695759e-01
-5.656644772834074075e-01
4.672078625158533338e-01
5.026148966272574459e-01
1.079241473262672613e-01
1.598895693185308220e-01
3.046873337499532153e-01
2.325336616079171748e+00
1.105039340142766280e+00
-3.743910649310132621e-01
3.712464734585665949e-01
-6.175715958637726377e-01
-8.191386726330949219e-01
1.598592733762994822e+00
4.214374263263767073e-01
-6.429647367759774301e-01
1.269233210996677241e-01
7.948601467207672133e-02
-8.878828105976135365e-01
2.022028616749219410e+00
1.679407752404651566e+00
-2.713539028876391423e+00
-2.313532437623747606e-01
-3.043437755756369101e-01
9.022088125002718506e-01
-2.013996475463105451e+00
-9.633755694137354775e-01
3.311145254341709698e+00
1.543442360535732139e+00
-5.576832534049414036e-02
2.426955929868344630e-01
-5.651754725601593199e-01
1.105504328399236957e+00
-2.185329971714836117e-01
1.983878529379790034e+00
-1.698849651318358855e+00
-9.520768216320104615e-01
-5.652083442440471173e-02
1.021277077032785696e+00
7.146639369950291698e-01
-1.300296356027998534e+00
3.000342759293505024e-01
-1.760485488109398755e+00
3.973712629257137863e-01
3.928638580054102825e+00
-1.970093884416031838e+00
-1.698231852589586088e+00
-1.135550274560818584e+00
-3.441470165893497080e-01
-1.406405527220037310e+00
-1.853893954676554268e-01
-1.144412817560373608e+00
6.817377335998572319e-01
-9.424029164441452000e-01
-3.300654366218516600e+00
7.669369605610645291e-01
1.159864016491906513e+00
-3.400509093866057597e+00
6.353229249580296667e-01
3.033166353908279267e-01
1.057779442799134717e+00
7.521327495750691483e-01
-2.142283987612418894e-01
-8.981665775706004773e-02
-5.903969336928867051e-01
2.717898046234192289e-01
2.305394298708924872e+00
-8.668591782364946097e-01
1.771363599863480687e+00
-9.798932180911673617e-01
1.436099524864285382e+00
-2.011716130054405749e+00
-9.149334118147391948e-01
-1.254031252847607469e-01
-1.429396172115958041e+00
1.141913697436139907e+00
2.079426927557885829e+00
-1.553230077334252446e+00
-6.067996954628606110e-01
-1.583186245177781837e+00
-1.122955806478216356e+00
2.322500448771698256e+00
-1.831179478760511570e+00
7.769240628431191009e-01
3.660545039855804261e-01
-2.747085714743136897e+00
1.517860378483907535e+00
-1.652852154229754733e+00
-6.541117558246645203e-01
-5.156274594562917368e-01
7.029536405380694131e-01
-2.123059539400727266e-03
2.007357622581165568e+00
5.204719968011108922e-01
1.088319256866453061e-01
1.304435399226953729e+00
7.816320594850854064e-01
-2.927680106508327107e+00
3.360954081849321651e-01
-1.709580165156527443e+00
8.610018492777914423e-01
1.171251660921676652e-01
-2.189364313095850945e-01
-1.721331896590151178e+00
-8.539614280054774742e-02
1.000651913990502351e+00
-2.270169979149978978e+00
-1.196631857129056620e+00
-2.842465613490866794e+00
2.104737877420889358e+00
1.427828973889567754e-01
-1.044198878065548119e-01
3.692767613046331054e-01
2.478262394285709047e-01
3.234795556710590159e-01
-8.273137152561111929e-01
-8.269949571598765869e-01
-1.043871477104911794e+00
-9.322850560521956931e-01
-2.194732324065143736e+00
1.507683241151065445e-01
-2.273234578133808359e+00
-3.707220414363611161e-01
-2.453165290162539203e-01
2.985387485943102881e-02
4.514703823433603991e-01
1.480761468226135413e+00
-8.240976465250603455e-01
