-1.729137793218426644e+00
9.843571943331234919e-02
-8.925964998459572364e-01
-2.962243696167202733e-01
1.801353378529982230e+00
-1.078647954311991342e+00
-1.875001375771303547e-01
4.614849941844809122e-01
3.780377373330184865e-01
-2.009228918756448490e+00
4.846416035256056465e-01
-8.422347505076368535e-01
1.081966558721936811e-01
-4.106595450198448627e-01
1.272140585714226058e+00
1.858638372743011136e-01
5.126178532409753075e-01
1.748267660408843405e+00
-7.044283630337716540e-01
6.339626925982366767e-01
2.809675761809805605e-01
5.613536929875904136e-01
2.268828529457417087e+00
1.412978464312399929e+00
5.842512754639123118e-01
1.040258569577011682e+00
3.073415536256099978e-01
-9.433031205733964919e-01
-1.000920332309166438e+00
-6.307275012034864181e-01
-9.282027553830044520e-01
-7.829483738264407799e-01
2.251346255146426389e-01
1.677333377126604796e+00
-1.099012877147688583e+00
-1.007996987245239451e+00
-8.606703478623902726e-01
1.397778174670026297e-01
-1.040846974624721533e+00
6.040193506771585064e-01
6.814632494797181472e-01
9.540203951175612040e-01
1.941826502436701851e+00
7.721037603146683193e-01
1.142425316344226616e+00
-1.142299196335331279e+00
-8.073999148798860492e-02
4.716695796615667513e-01
-1.323608994252724491e+00
3.436387177600383480e-01
2.875715230195293071e+00
-2.414198119968112288e-01
3.807189424682286272e-01
6.738397924098522562e-01
-1.272207707543872912e+00
-5.259804012560491682e-01
4.615977118971119064e-01
-4.781281203787535183e-01
-9.228112769412626371e-01
7.968070732602621220e-01
1.875455065125916310e+00
-1.168894177396597955e+00
-1.459064430116324029e+00
-2.119621663619523311e+00
-1.323487163921339249e+00
1.322558884494506648e+00
3.988307429011201943e-01
7.503127485064369218e-01
-2.117817642487053842e+00
-4.909354180617315766e-01
-6.642755322952983432e-01
5.025949285316789750e-01
-4.118283084522559867e-01
-4.498422782306912837e-01
-2.089869307587344238e+00
9.298282887177005129e-01
-4.219984114384626173e-01
-7.131428471092080557e-01
5.974091555302928347e-01
6.711840211123997202e-01
-8.466949759892534733e-01
-1.381770042999145076e+00
-6.866446221311699460e-01
-7.816429230051580301e-01
-7.044010943593086438e-01
-8.787740178022361848e-01
7.506624224199742734e-01
-1.473134356702331171e+00
-8.364865596643383805e-01
-1.793113202824044849e+00
1.525144738521793997e+00
3.143480022634784765e-01
-2.416574045664339199e-01
-1.068531765269368633e-01
-1.364146542108696014e+00
3.431297178743692999e-01
-1.480761216591820695e+00
5.495660054466944278e-02
-8.735273415965412180e-01
2.013537403331984610e+00
-4.862192646201236590e-01
-3.243165696413533028e-01
5.967718607606939396e-02
-1.697158482578135619e+00
9.907566022245795079e-01
-9.575066914259353634e-01
-2.751694799907704603e-01
-9.219319174661733118e-02
-1.433800397864858911e-01
1.502985147179247472e+00
-9.916813761297975649e-01
-8.245921524986812301e-01
5.309406239025208363e-01
-5.124085196804892828e-01
-1.577559960632634928e+00
6.717341818338220527e-01
-7.888213399066312803e-01
-1.409697462001369139e+00
1.154738482176888681e+00
8.210693769785879503e-01
2.703017064931655611e+00
-7.120249150931226012e-01
1.052472406509859404e+00
-4.354258156824070136e-01
-1.386357869223505457e+00
1.196331518698503960e+00
-1.439478506529376922e-01
-1.583297130410066478e+00
5.003002037533669233e-01
-1.735492974509954323e+00
-7.754560324390259440e-01
-7.698021121897463681e-02
4.507506668617736745e-01
-1.697488668638022391e+00
1.196480414858742680e+00
4.586152902153169120e-02
-2.369119148648774598e+00
3.967191991005694640e-01
-2.233757603490513333e+00
6.786641624200304701e-01
-1.757275131519258071e+00
1.205909902299098668e+00
-1.338499623916266923e-01
1.075396289442815956e+00
3.095993179230887779e-02
1.065080327803141991e+00
1.665266003924505134e-01
2.735092392466169642e-01
-6.568812880697304513e-01
1.078658785863744862e+00
-2.170301180799390495e-01
9.123985230132232171e-01
9.043536017987070519e-01
1.191099513609528149e+00
-1.079892958576740725e+00
-2.276020009044347425e+00
9.713945965656463066e-01
-9.319146572126916217e-01
1.207928940409845886e+00
-1.043975670494601715e+00
-4.652285256882022768e-01
-1.371329700285378594e+00
1.263266099185089919e+00
-1.876442578679363038e+00
2.193011846523337915e+00
-1.149174630725508184e+00
-5.785463240968669041e-02
-1.170025573138288477e+00
-8.049597431355117738e-01
1.081282261202440642e+00
-5.385568478613166343e-01
7.325030719306619975e-01
-3.806820098403368435e-02
-1.698142645585765109e-01
3.785684464377190861e-01
-4.836670257712039067e-01
1.854932223084791332e+00
-3.331185966802250320e-01
-6.916425131071646248e-01
-2.696669143402358193e-01
1.735351987585377787e+00
1.703296346369649994e+00
-1.461558165202379023e+00
-6.329987309072062640e-01
-9.562680804406550328e-01
1.419837224237220585e+00
2.726894612428310438e+00
1.331640136151917564e-01
1.849791024204988366e-01
-7.338741392128912411e-01
8.410952408310321537e-01
9.783103360084810518e-01
7.014533026594753640e-01
-3.273126633896922266e-01
-2.744250279092415590e-01
1.946266550542444795e-01
1.785938144496405755e+00
-1.679379004693951405e+00
8.457818014444272725e-01
-1.354053260329094455e-01
1.032695419712765128e+00
-1.834246303869058625e+00
1.206669113592674369e+00
-8.247559499383312343e-01
-7.048854708741060238e-01
-8.138656049949108962e-01
-2.870134369929336904e-01
-6.566323244904965772e-01
-8.073039215716940609e-01
-1.082351851410463750e+00
4.689808877441872248e-01
3.941051497307536122e-01
-5.176810658847299518e-01
1.969171261507973725e-02
2.463440538637871324e-01
-6.633349655796887401e-01
3.641700386843720327e-01
1.690508145510191795e+00
4.789457628817783696e-02
-1.155188562416855635e+00
-7.999269631839974748e-01
-1.629963590792409711e+00
7.087447166922722364e-01
-3.847645580977547830e+00
-5.963924116442598233e-01
-6.776714104901382374e-03
7.671114782147394617e-01
2.193408573974230391e-01
-4.667713530988557014e-02
-7.534877315862815728e-01
1.086946777119019769e+00
-1.284621652914085255e+00
1.104471505162646805e+00
6.404320056679648765e-01
-5.985455579734485498e-01
1.451635098311029104e+00
1.874652055228125835e+00
4.201456323520936231e-01
-1.158067523907235108e+00
3.377891215910590050e-01
8.830368919752080714e-01
-1.752343867000399680e+00
2.222221243528970547e+00
-1.414050251420468696e+00
1.379763473589803446e+00
-8.286188355998991284e-02
-9.051796716129211218e-01
8.948496517336544942e-01
1.156439214283330852e+00
1.846559927782751798e+00
9.849883388455168420e-01
2.291167963312141509e-01
1.344886009347884048e+00
9.014970007170464150e-01
-1.407742259959593678e+00
-5.518181803973688515e-01
-1.234571571795926914e+00
-1.911402046343484873e+00
-4.566402367618163649e-01
2.843457990563042492e-01
6.542688573021059328e-01
-1.432345447114258707e+00
-1.806174030222286730e-01
1.293240731051725767e-02
1.406534921558925122e+00
