-7.455211424626191352e-01
-2.202386224196145381e+00
2.935324437139206211e-01
-9.677968032776278484e-01
-2.311787061184761960e+00
1.652343973888650508e+00
8.796234321069547057e-01
9.802631711120594060e-01
-1.298111259225501968e+00
-8.788431271649647103e-01
1.807002782196585278e+00
-7.656592147708671803e-01
-6.549443932957140779e-01
3.595850752793662064e+00
-1.135584506428952256e+00
1.295849292471290104e+00
-3.279587125604112696e+00
2.014719735800252653e+00
2.244452090852092407e+00
7.756048173316048011e-01
7.864692471303741383e-02
1.346057854235979345e+00
-7.677149175253199509e-01
-3.900165382943900361e-01
8.070309457530646657e-01
1.809198749216110347e+00
1.832735806366924347e+00
4.537594083286624169e+00
-3.041454336083051491e+00
-3.808761433290176468e-01
1.214308613040089080e+00
-5.844378705317182510e-02
-2.634879941799916026e+00
1.889905099346947059e+00
4.420271308561288248e-01
1.309222981362569094e+00
2.070454037344923837e+00
-1.460093905178429408e+00
1.909810152561068453e+00
-2.207259941787492519e+00
2.449821379346900641e-01
-1.185143815481937146e-01
9.771055043908932758e-02
1.581404435774246720e+00
-2.256521661804342105e-01
2.632264248389453165e-01
-1.586906313236120303e+00
7.914943586095103401e-01
4.502752086037168366e-01
9.442689080525035195e-02
-1.594680079015106999e+00
-2.413833858244257335e+00
2.210264577491959370e-01
-7.922034307206762271e-01
7.369378910560817619e-01
4.529810221296672879e-01
-1.796620762635542379e-02
5.167507107842316261e-01
-3.551000527839289211e-01
-2.364663852234105690e-02
8.555261566665239847e-01
-7.184961647975569576e-01
-3.317356416881712122e-01
3.486435052287418235e-01
8.085198903020929251e-01
1.315793452949831188e+00
3.542676954489399899e-01
-1.463071231983279485e+00
-1.298441848975640633e+00
-1.611165793624244724e+00
-1.949088850387445948e+00
5.333883097911596982e-01
1.715789450921987980e+00
1.269663771022234433e-01
3.403181219901437182e-01
1.972987145072633286e-01
-1.565509802023268282e-02
3.310938641137116112e-01
-6.041684891201498653e-02
-5.233922370154047155e-01
3.271894736691573491e-01
4.973144851494380458e-01
2.094763194147898355e-01
-8.256371356959397723e-01
2.105542255006893182e+00
4.356996696022482074e-01
-2.667137298097726372e+00
-1.292339729413099825e+00
3.374136686160322807e-02
6.227254741779733038e-01
-6.650439806714022462e-01
2.395849038072867532e-01
2.176710521165315715e+00
1.214237351082504857e+00
-2.171362058511658866e+00
-5.068730081424865919e-01
5.711238868386452339e-01
1.777850388520753722e+00
-1.563795869402971217e+00
9.296744795869560374e-02
-1.161549080434339354e+00
9.225553312728392852e-01
-5.287290961262578470e-01
2.084335222267071686e+00
-1.190708758774206011e+00
1.303523219333301730e+00
-5.295029216207365330e-01
-2.968269617893479762e-01
-1.679894936884550383e+00
2.901344609965914589e-01
-8.649704553466790458e-01
7.124474419474972064e-01
1.830389213413473160e+00
5.546056467708253557e-01
1.167866746940177558e+00
-1.042361308114265972e+00
1.528784987402387330e-04
5.723448873929961600e-01
7.821809538268509332e-02
-1.324828799526973189e+00
3.090950117123013041e-01
9.508550325918925517e-02
-4.501268807699521091e-02
4.499834010619966906e-01
-2.266928020359686435e-01
-2.416718371236390439e+00
-4.405321140782878508e-01
-2.308093278328037457e+00
-3.242886570274548519e-01
4.930469559574396365e-01
-3.066547603177296466e-01
1.707876670715599676e+00
1.731132906811337246e+00
-2.252126996639494116e+00
-7.479294916536650684e-01
8.763479754234619890e-01
-6.402992748079211482e-01
-2.240650050872139420e-01
3.757443290883628606e-01
-2.603240888265897501e-01
-9.550591397596317478e-01
-1.455868969020886805e+00
-6.226752350260598146e-01
-9.250015862356237850e-01
6.116773893188049982e-01
-1.258995636732342494e+00
1.500671807698108040e+00
-1.922213023734058890e+00
-2.065505257237143955e+00
5.870070026999334445e-01
5.335827737373314283e-01
-3.603280705529432471e-01
-1.776397683389215443e+00
-1.251030654880969983e+00
1.872031149422198615e-01
-2.074668086094725084e+00
-1.311571576035453823e+00
-2.144116053943606603e-01
2.939220343777757538e+00
-4.521875413696600510e-01
7.352915833113293775e-02
-3.954616620258891713e-01
-2.905816757580184539e+00
1.405950754670119096e+00
-5.835406618418848002e-01
-5.141549325312801955e-01
-8.532186969084278871e-01
-1.359727918756281628e-02
3.132783402836927245e+00
2.691595317219619976e-01
-1.086541846688586332e+00
-1.307340544610330335e-02
-1.621005530640985626e+00
5.206139329050101239e-01
-5.486546169865449407e-01
-3.067963852923718093e+00
8.450539899007940559e-01
1.263860348070644068e+00
1.995060372249900293e+00
1.915357159549941624e-01
3.091308177305890581e+00
-6.382655187442286548e-01
-1.246882864650218581e+00
-1.257670752678268465e-02
-2.991838651762159240e-01
-4.062505330193293962e-01
-2.119687162592458929e+00
9.158339832438151529e-01
1.772252783838158763e+00
-1.524307320250170017e-01
2.071622038627586981e+00
-3.678006565877741108e-01
1.284766652595529912e+00
2.105217297580387059e-01
1.017215540344480917e+00
1.662390470829430700e-01
-6.867451628520617746e-01
-2.115502653549894863e+00
1.732519820816909473e+00
4.222041273563292840e+00
-1.393952277381538929e+00
9.349589523907408939e-01
-6.108708900067471026e-01
1.888736223753540999e-01
-5.309672630282716854e-01
-1.195904757126595719e+00
-2.162666844673716504e+00
-2.131188385839408284e+00
1.202477806297800988e+00
-3.188457125361199740e+00
1.431096875561192139e+00
-5.206784661489953780e-01
1.672972668223892789e+00
2.390026104639224602e+00
9.560262959928191862e-01
4.441671242281159948e-01
-5.973109970249131928e-01
-1.864740253306688356e+00
-9.603776656163365288e-02
1.877682139188379118e+00
-1.467237772983555288e+00
2.248726572802850043e+00
-7.733726301259791214e-01
7.401279517886707460e-01
-1.283333287793022581e+00
1.804396688498731027e+00
2.868123300525219910e-01
3.479353123371761725e-01
2.830519951317170602e+00
8.329350155221261209e-01
-1.591995817511915767e+00
5.601263785793157979e-01
1.649483710509963563e-03
9.207175693844916742e-01
-2.377443190853721688e+00
-1.427724013393460112e+00
-1.765822343092136260e+00
7.994393873554048735e-01
1.541754601010010495e+00
-2.273654023817284209e+00
8.238610397646217720e-01
9.541303185258053210e-01
1.285531593826053420e+00
-1.617118949100839753e+00
6.064624040735044908e-01
2.713318243544033392e-01
2.238139136147554886e+00
7.003543309752526813e-01
7.191874416696046879e-01
1.479168073040485198e-01
-2.002531394432761069e-01
-2.269925777181641013e+00
1.229137950947739588e+00
1.881265305486416572e+00
1.076369377390157034e+00
-2.778774472136552376e+00
3.932801279982863774e-01
-2.416703816150841622e+00
1.972705081136843175e+00
2.968632542950878861e+00
-6.744738390123347083e-01
-1.092915669584749172e-01
-1.006364027710600295e+00
-5.084986635481046902e-01
-5.231077388676800277e-01
