-2.138287729475198962e-01
-1.336567549507623243e+00
-1.065530648154779492e+00
7.009118408109382692e-01
-6.294626053593115333e-01
-1.230665449541915368e+00
-6.951632638775409601e-02
2.062974093853339186e-01
-1.122421772219086122e+00
-2.439365196567427230e+00
-2.986035564056060965e-01
-4.243721035304150457e-01
-6.135382706782480655e-01
6.209587499725179871e-01
8.348601263119996840e-01
-1.488963003075195246e+00
1.619536166068428207e+00
-3.118083989302742332e-01
7.158195032856876638e-01
-6.188314878172254674e-02
8.688720244323762110e-01
-6.850476848482743852e-01
-3.487503646597730489e-01
-7.293616299579365192e-01
1.852463102179063625e+00
-3.295341731104937111e-01
-2.179860525004391647e+00
-7.338805521334582638e-01
-8.790957239888680386e-02
6.969535366909742624e-01
3.816426314132122521e-01
-1.653201295356794720e+00
2.056961053299728448e+00
2.218908245432487103e+00
1.987593025280620096e-01
-4.090848016353961780e-01
-3.322546479803517583e-01
-1.144091782656599054e+00
-1.527369363413624725e+00
1.881164992472639685e+00
1.514066589738518598e+00
1.254893627277607671e+00
-9.906780571832252136e-04
-1.046236724438143639e+00
4.140706358732845205e-01
-2.507622106036878629e-01
1.224359603586301581e+00
-1.371632496250385413e+00
-5.570222826517750025e-01
9.424206091880710234e-01
5.967196572116234554e-01
-6.114270654303388675e-01
-2.537169213548796654e-01
1.026381091616125341e+00
-6.373927580015893435e-01
1.419488489204168147e-01
4.024936792258212437e-01
-6.003356121053917693e-01
1.395816638002964627e+00
-6.183264103530398126e-01
-2.584090767055823079e+00
2.247895607151950692e+00
-7.813147133953579626e-01
2.700426102422774366e-01
-6.535495077318119739e-01
1.257860416605242615e-01
1.782984383691213370e+00
1.095039116500218901e+00
-4.996171681020528110e-02
-4.094932175094148086e-01
9.633115077986538211e-01
2.997408660245524104e-01
-1.152357055504197314e-01
6.281043170352151872e-01
-6.264645257527605704e-01
-1.105175104727009749e+00
1.527323384492259795e+00
-1.552289793762424042e+00
-1.385916762419996839e+00
7.562723098770507413e-01
-1.638032951805139303e+00
-1.571777356637757972e+00
-1.342222370570684609e+00
1.245523602888891079e-01
-1.909417597453081095e-01
-4.383023596265460675e-01
-8.318055355409942342e-01
-1.248915331970971376e+00
2.503498057127317988e-02
-9.872646162405884773e-01
-6.867809271738924970e-01
1.630868346357750465e+00
6.073168300443658740e-01
4.770674051219887524e-01
-5.063085733533538857e-01
-1.189895501986698356e+00
-2.107542525693726798e+00
-7.205574299230521618e-04
1.201662687550397735e-01
9.063019320699798875e-01
1.695897732045267503e+00
-8.558269002545870752e-01
-4.788664143062326684e-01
-1.748036492896002825e+00
-6.484105495347669557e-01
-1.588219603433016491e+00
-4.871306068482440521e-01
-4.660093495161665156e-01
-2.258274630118641824e-01
9.011264886827662357e-01
-3.235273556691287133e-01
-1.111617654803804367e+00
-7.562023847831426115e-01
-2.718095406036776573e+00
-9.153252359649384218e-01
1.354819397890563826e+00
-3.382315922261807106e-01
-1.007482142704490213e+00
-2.347764612059968670e+00
2.088125298711317690e+00
2.134833095174019757e+00
6.843285422155800379e-01
9.282429767472463178e-01
1.180168210767825299e+00
-5.970820882327101398e-01
1.017649374158188458e+00
-1.171128826448848192e+00
1.834179105472201643e+00
-4.586815501965669228e-01
-1.810228100610296043e+00
3.436802083070961134e-01
-5.440400995683378760e-01
1.199999380108187186e+00
9.070330385885879698e-01
8.016726592535192708e-01
9.755064482375612744e-01
2.395542767755702296e-01
5.700143266260626618e-01
-4.691618795009575571e-01
-1.223612882369735200e+00
-1.446631933034242534e-02
-6.267339893527856809e-02
-1.069544526911872406e+00
1.152248157355754365e+00
-4.891566011878765163e-01
-8.486301706091279318e-01
-8.408241534627347580e-02
1.140466399961667099e+00
1.707780186304253545e-01
-2.362972045755675321e+00
-8.858982176322748314e-01
-1.514689790324105223e+00
8.165951055453557483e-01
-8.319208827297903674e-01
-4.367993255265928410e-02
3.166827348667761166e-01
-9.646518446495784271e-01
7.273946375019042510e-01
1.674922473584090188e+00
4.747753584245256731e-03
1.778717424000944458e+00
1.188178516816559060e+00
1.520397147604415355e+00
1.170551553574939341e+00
-9.053528921141187902e-02
-1.213432914990326239e+00
-1.613182009186179267e-01
1.341710327161808491e+00
8.401716286873983641e-01
3.345474168544039506e-02
-1.736828750265665633e+00
6.009717460588859250e-02
-1.088953645257770969e-01
-4.549787926814776728e-01
8.562213774125480015e-01
-1.160713298488992073e+00
5.791217260293424207e-01
-5.455592069754715556e-01
7.978597822532487172e-01
2.104943540672864766e-01
9.481904986492892817e-01
6.244692381563810013e-01
1.530629689738550736e-01
2.575833763724459935e+00
6.339616833339490887e-01
-2.500250875407502571e-01
1.020480912280738561e+00
-7.364731818443140954e-01
2.539693036024363582e-01
6.642365009666496567e-01
-5.655013110114575081e-01
1.425165750455456015e+00
2.718679847894454937e+00
-1.294423426250646880e+00
6.217914168784085538e-01
-6.924946083521914542e-01
6.056744625121788239e-01
-2.059890237693947079e-01
7.016005575798207605e-01
-3.596817266337261065e-01
-1.679872330627368848e-01
-5.539618144512656883e-01
-1.459928582979679534e+00
-1.670304730765337364e+00
-9.936610365685188961e-02
1.217615828063694394e+00
-1.693432613121329755e+00
2.583863109865340291e-01
-1.797218890556406823e+00
2.515793362668067301e-01
5.402285976264082912e-01
-1.901497417233153908e-01
8.955092889362417097e-01
2.854122924360545266e+00
-1.605699259332595608e+00
-1.632644610849884437e+00
4.208783471535635923e-01
2.103424713537676016e+00
1.365743119526187099e+00
1.972279440596437672e+00
6.621116076076148937e-01
-7.295742038430077514e-01
4.780400131050199786e-02
1.993900306749136542e+00
1.344616605021707878e-01
8.690923889188071350e-01
-6.621736264951869622e-01
-2.631178503155318649e-01
1.586938434699666001e+00
1.311777289670244873e+00
-7.840443635357652319e-02
8.080387809987622516e-01
-8.396265359812160600e-01
1.699287779016902089e+00
1.904455884329824045e+00
-6.511269512103278201e-01
-3.271187351754717976e-01
-1.273246838789890978e-01
1.629271817556297242e+00
2.300632159204780633e-02
-5.883028789161526273e-01
2.631094649399330798e+00
-1.415795300225823006e+00
6.817734613019024170e-01
-4.321908658717510399e-02
2.584848475727140382e+00
2.938469994877275226e+00
9.760801062703537978e-01
2.033685087424615956e-01
1.481518450984630197e+00
-1.642827580166403290e-02
-1.224329294674356028e+00
-1.995038957176401340e+00
-2.377271213254885107e-01
-1.124793904092785457e+00
-2.378030454392260129e+00
-4.527971409894462895e-01
-7.116513792262049165e-01
-1.385765316918326773e-01
5.144254246905288763e-01
-3.949938298771002998e-01
-2.647680788789303463e+00
-1.119450449139382631e+00
2.720680594262943064e-01
-7.651368847488537739e-02
