-4.192511281401057888e-01
6.115600944218037016e-01
-2.783739947665603842e-01
-2.405748736861210157e-02
1.961001838891898608e+00
1.686226449332907551e+00
-7.809127103272456294e-01
9.196909493929416035e-01
-2.850047871475602235e-01
3.962541793099066401e-01
-7.120433339346359247e-01
-1.556182951232909728e+00
-9.437271927371652103e-01
1.141417577340536171e+00
-1.110670689385356402e+00
-1.335666786425727892e+00
2.586498591729853302e+00
1.819780202015633952e+00
-3.778190471508524606e-01
-4.690031516371364617e-01
9.648691790220178532e-01
-4.599649202867366893e-01
-9.264470020538533301e-01
-5.720552384997057427e-01
-4.468647296114017786e-01
-5.505214169088522291e-02
5.628977689992030742e-01
-2.316470790928111256e+00
-3.439806708138488101e-01
1.050328215499331197e+00
3.832104163550664189e-01
-3.535891594084756839e-01
6.251970102817002717e-01
-2.776889785706985192e-01
2.536019029719716933e+00
-1.861880623246839228e+00
-1.021636412143230865e+00
8.641536745673631392e-01
-3.109398450017987425e+00
-7.341606748286132467e-01
3.126789999959517896e+00
1.481027628133506358e-01
-8.307898670468245594e-01
-1.428724317843891312e-01
1.738922046087976181e+00
9.977785100773739480e-02
-1.711089393541843640e+00
-5.211819989280037646e-01
-3.326063595231031123e+00
2.409490965051881872e+00
2.462309240964333679e+00
-9.482983305981694810e-01
1.087996842472712666e+00
2.271184936679501387e+00
1.058028331001689581e+00
3.880636400974688538e-01
-5.856969123241930752e-01
1.193843581127883358e+00
-9.487017861213310477e-01
-1.896925594548016347e+00
-3.465735541702911204e-01
-1.200863784237413245e+00
1.505472921466965763e+00
8.134733978456963888e-01
-3.736670373131633083e-01
-2.988912563124095367e-01
1.608858512425776599e+00
9.672657474411024969e-01
-2.295209853437268244e+00
1.916798044803277534e+00
1.054578475000437887e+00
6.884902123863052559e-01
9.040109318062701238e-01
-2.095061825361046903e+00
-3.317640151952638283e-01
1.432329702037804076e+00
2.043587699363186072e+00
9.823480439401537367e-01
1.759662469762158787e+00
1.761671077417285014e+00
-1.498865892400814470e+00
8.618190604926811993e-01
-6.761863504938524505e-01
-5.189872739483218922e-01
-2.957952814192014168e-01
-1.234009282521803197e+00
9.715524692156430886e-01
6.407737572674859772e-01
-6.877123068107756643e-01
4.992861026205748232e-01
-1.420515446785017843e+00
1.167371650066917899e-01
-8.323715031707786816e-01
1.840506845740235820e+00
-1.283251138392340174e+00
-1.459426334963972227e+00
1.557594035056049320e+00
-1.149152694193761537e+00
2.039851284707732582e+00
1.990898915999177454e-01
-5.752354568201720753e-01
6.759833919402813418e-01
3.676608934700696940e-01
-2.874994143864309848e+00
9.088345021120061706e-02
-1.095449307588702181e+00
3.565136244704588120e-01
-1.557988528698554531e-01
5.767895507260423216e-02
1.617936761332587015e+00
-1.598726353057813854e-01
1.563664744223892678e+00
-7.470689551653700855e-01
2.049144550848611246e+00
6.068811559817770540e-01
1.486374550019837981e+00
-8.903222509343886593e-01
-1.279410015701953673e+00
-3.071711297059058321e+00
2.330609332200704209e+00
6.868743945104816007e-01
4.118573885482248453e-01
2.021835552308696826e+00
-1.787455945126160461e+00
2.063468914247466923e+00
-4.216473220190635751e-01
1.648017401313570662e+00
1.774268256181923409e-01
5.648107763651353252e-01
6.532316530604468374e-01
-2.164317241535104408e+00
-1.349538658299544780e+00
-1.705784949571623077e+00
1.214105586279878635e+00
1.577074516509422430e+00
-6.194893386305471150e-01
4.735146370144069916e-01
1.295536701697888038e-01
2.165846946526291117e-01
1.285660473576829776e+00
6.054434952040705920e-01
1.757660552606757909e-01
-1.981191467853041122e+00
6.966457461088901848e-01
6.542962311617669391e-01
-4.421297591210466837e-01
-1.027699325421182586e+00
-2.203080940167060131e+00
-2.084154623379887106e+00
3.670036681287210389e-01
-2.452950115650258667e+00
8.246485879397753571e-01
1.448406237449889611e-02
8.816696512567496757e-01
2.618310620629394903e-01
-6.895092349673744847e-01
-4.624296100669240683e-01
1.012136026839351777e+00
-2.747324287792131670e-01
-1.292291053731521311e-01
-4.443878828173148943e-01
1.347431045964923024e+00
-3.589319586109238625e-01
-5.946148510563583622e-01
-6.561563205908454988e-02
1.003885451633177439e-01
-6.411003829625904205e-01
5.537745135265031982e-01
-9.665171299348178646e-01
1.803469722090180749e+00
-1.254561246299372934e+00
2.724763005575064900e-02
-7.293025352931504779e-01
9.562022413352795347e-01
1.568578924757742410e+00
1.638113650927115472e+00
1.153891121047565083e+00
-9.390075055672968407e-01
8.988029031145308156e-01
-5.603971126851764462e-01
1.443787888581913093e+00
-1.937447734397382826e+00
1.356364367631337497e+00
-8.762534783599075228e-01
2.688399213665910725e-01
-1.392815406420282898e+00
-3.892350576628768599e-01
1.460807725595953066e+00
4.148909267745153340e-01
-1.416694918287351168e+00
-3.106547106048714313e-01
-1.264551611973228740e+00
-1.413643517849476394e+00
4.622524495869530931e-02
-1.279523199252253551e+00
-9.399054225427000420e-01
1.638360320826158789e+00
1.786194359318280522e-01
3.863787256901198841e-01
4.842351138108503261e-01
-3.095049967497203180e+00
-2.000206761391274124e-01
3.769473749975321697e-02
-7.630557060585498874e-01
-1.768577772030207607e+00
7.842725894098055983e-01
-1.891494955810229639e+00
3.056919669513357363e+00
1.514803015245928641e+00
4.267236904747051529e-02
-1.117266833572851947e-01
-6.387161273870317624e-02
6.936730627659493109e-01
-1.551608076650438095e-01
4.809939218613101808e-01
-1.959706764974413762e+00
9.193731836287148684e-02
6.925978412956261820e-01
7.348947044195498490e-01
2.005900513103115124e+00
-4.216669991105678750e-01
9.257780977388401222e-01
1.763732807837687711e+00
1.093943760736789894e+00
4.026830334101953457e-01
-6.497797528236561870e-01
1.260609439477152094e+00
-2.807450759914436045e-01
4.712338171890140259e-02
-3.533073951240778499e+00
9.690094821280208492e-01
-1.736050720964171123e+00
-6.879950260164769960e-01
4.483261895068174629e-01
1.153150253269596970e-01
-8.548628985710623462e-01
2.645557898429906629e-01
-4.805472803710435920e-02
1.638566464456304717e+00
-7.583153600826675333e-01
3.150286446002215968e+00
9.156695256694329377e-01
-1.478644182635907023e-01
1.189780349312274055e+00
-1.256876093463472843e+00
9.403153047461680902e-01
1.744922730689838719e+00
2.981098704973688118e-01
-1.245853513060240170e+00
-4.228298319102133940e-01
7.470625308355625105e-01
-2.284537268357169637e-01
1.999509656023635840e+00
6.545711835799326028e-01
1.392379266970840135e+00
2.063398838566770088e+00
-9.869635537141091541e-01
-2.570815168247576610e-01
-2.342973494778646248e+00
-3.451312077583679194e-01
-2.490309787956792587e+00
-4.876550960685035463e-01
-2.533076672005477592e-01
-8.530092562371149878e-01
1.188883270719811147e+00
