-2.854918982362633084e-01
-1.584122815454646060e-01
-8.947145847289033060e-01
-5.602736037590961837e-01
3.803674935655680933e-01
1.458722753545360407e+00
-4.386353411669168256e-01
-1.112722448367853278e+00
1.232250806793983244e+00
-1.763096123769302581e+00
-4.050674548350602366e-01
-3.127323675396678770e-02
-1.208565479496071848e+00
-1.172678764565602272e+00
-6.418716621915766529e-01
-3.288463582308868149e-01
-3.590039958211290738e+00
-2.576559671962145304e-01
1.892749665453294039e+00
1.662364602153132198e+00
-1.869758470564637065e+00
-3.306799512537782260e+00
1.088388120982227258e+00
-2.787277905067091499e-01
4.218611826798555064e-01
-1.545980596362361292e-01
2.313939831282120219e-01
-1.247756802265179932e+00
-6.805956854582604354e-01
1.046358758140546241e+00
1.273212387439381255e+00
1.774745984790469411e+00
-7.991359519990586247e-01
2.186437705348136529e+00
-2.767705931369739414e-01
-9.384395557074531879e-01
-3.033275140082865917e+00
7.042126244656267131e-01
9.813150172283368056e-01
1.928305746869885207e+00
8.189072087852352633e-01
2.539283238393355902e+00
3.630254789527798565e+00
-1.199693603818431153e+00
-6.519028001408424533e-01
-2.391775892161629891e+00
1.039278198436262013e-01
2.054756716765230085e+00
-7.715733447440332737e-01
9.624354836565609528e-01
-1.028246696500127344e+00
1.110028955611084278e+00
9.478504669434208996e-01
-1.485206775100908150e+00
1.169628863543247022e+00
-1.679479480006797809e+00
-2.288607768725732794e-01
5.357159624839519907e+00
6.424377494105151243e-01
7.743317556356672515e-01
7.197865251631385686e-01
2.741704580994752227e+00
2.570291851237644032e+00
-2.026565608719962108e-01
2.346081382482710254e+00
-5.424999965113357359e-01
6.179577231912229962e-01
1.644702713045600229e+00
-1.325903755370227532e+00
1.225781138513914126e+00
-4.199855312284326292e-01
-1.854693683353951794e+00
1.242640715215426628e+00
-1.502845969065528253e-01
-6.642697859393027482e-01
-1.192163612109390591e+00
-1.532798783608230409e+00
-2.460145677429517619e+00
-8.003486399585542088e-01
9.724887538377111618e-01
2.792380849839088075e+00
4.230048633238641109e-01
1.106566377145234759e+00
-3.231002798514714947e+00
2.851314968692390539e-01
-1.335359067556336488e+00
-4.769052061376486545e-02
4.995707803541195036e-01
-6.570051003843448978e-01
-7.189058767875834421e-01
-1.210103880926414410e+00
-4.435300106799167086e-02
-7.842901633193138933e-01
1.548501274095039237e+00
-1.405723990325539852e+00
3.514195626684639140e-01
-7.940404254808461904e-01
1.616693604019929342e+00
1.380149658398045265e+00
-6.771399987181969671e-02
-4.997998543341569677e-01
6.271897330794161673e-01
1.677900262247502328e+00
-1.650173809698508853e-01
-7.033987795315840841e-02
6.108951729212493964e-01
-1.727723773150199760e+00
-2.915069356902941333e+00
-2.490334373631396314e+00
-1.799710640368213488e+00
3.974672832084979457e-01
1.275455829302233557e+00
4.183145654747405517e-02
9.983349973369932684e-01
1.660693007297374457e+00
-1.099525920275173929e-01
-1.404120802021249670e+00
-1.464601106180161372e+00
-1.549076012705233873e+00
-1.602675567051503380e+00
1.164873445124784634e+00
-2.278530720203110427e+00
1.936298207322333154e+00
2.712043851659155513e-01
-2.285750019654686938e+00
-1.598621720033974070e+00
2.078415965335857485e-01
-1.774144953227189347e+00
2.300729284116733719e-01
1.953883724189573234e+00
-5.174100301305333716e+00
1.577830840796442535e+00
-2.294308772279178288e-01
7.743319346280829185e-01
1.273125042385832018e-01
2.327651908224785071e+00
1.328203301492644206e+00
1.450145246555351264e+00
8.253144572398898871e-02
2.068734664993828964e+00
-1.710897757260368968e+00
2.207785541742177948e-01
-1.922337650371619411e+00
-1.817161835999311581e+00
-6.990681947749419756e-01
-1.839955612000691465e+00
8.455768941440882092e-01
-2.453236869816125765e+00
1.577115597752830056e-01
1.005319634395020145e+00
3.987031612171620054e+00
-1.495068824835279919e+00
-9.404310069508985404e-01
-2.645204600896122749e-03
-9.042781681359070289e-02
3.761521941712351325e-01
-3.972861538991653507e+00
-2.134041957288939084e+00
-2.466989486821353328e+00
-1.678923376766000009e-01
-1.161494120418136378e+00
2.636866890018742526e-01
1.301423235557213509e+00
-3.128733580220368182e+00
1.907255290549373150e+00
2.211067499204224518e-01
3.919886088206286923e-02
-5.694678116602810425e-01
9.473751876666516303e-01
-1.902207830303679126e+00
7.865595155472296929e-01
1.413143980531347488e+00
-1.478657868536497055e-01
-3.013815993117060499e-01
-9.316536501728390762e-01
3.167541868949652617e-02
1.270336160063793018e+00
-2.073069997830566003e+00
-1.626337224545244986e+00
-8.942122159069496590e-01
-2.959609561224096907e-01
2.444246198321140096e+00
3.881884390339223612e-01
-1.010724941396460075e+00
8.231333521031563016e-01
-2.123025543840507456e+00
-1.117981760319341600e+00
-1.036867861056064433e+00
-1.196833578212660676e+00
1.257747421457532377e-01
4.311345465726958981e-01
-6.028756627931039502e-02
1.321525546324313183e+00
-1.073658490556030687e+00
2.635567519883744048e+00
1.577414680765178323e+00
-1.221529422625405731e-01
-3.851515738094432040e-01
1.098099618772751862e+00
-4.345023154246273056e-01
3.107141251587552944e-02
4.995721205178753621e-01
-2.757596316446922380e+00
1.819350040173369765e+00
1.273826002480888064e+00
3.350429367512735568e-01
1.431290619438000178e+00
-2.318565162571328275e-01
1.641280091774575345e+00
-1.033691674123248694e+00
-1.026538839698817096e+00
2.515596662231875502e+00
1.083530266680616805e+00
8.058873934823996832e-01
8.384344249574293695e-01
-1.365217599370407653e+00
-9.839670553268060615e-01
1.766686118425293772e+00
1.731519158160121696e+00
2.393404957418165502e+00
1.503427256988534744e+00
-2.757708789407838701e+00
1.713486615361016874e+00
1.242521768631413170e+00
2.042758587758735978e+00
-1.182121990368624642e+00
4.563499828761401922e+00
1.834448123588438007e+00
2.241086603070463479e+00
-2.043275215257008615e+00
9.979166082918894398e-01
1.505366308114280960e+00
-5.629826603695520237e-02
-3.743471850063904705e-01
2.370771488307010233e-01
5.826191139798736485e-01
1.402621444299650133e-01
3.997434121129939122e+00
6.407547354768228232e-01
-2.637942596616175139e-01
2.978723020706816715e+00
-5.208920508327610221e-01
1.809377950884106578e+00
-2.275936096112038065e+00
-4.355442470315218362e-01
-7.265318767404940203e-01
-2.824431306408200726e+00
-1.122273436906869648e+00
-1.991401780579747927e+00
-9.753991586533626856e-01
6.720725409846264320e-01
-6.862459010183592500e-01
-3.908616964476794742e+00
3.820183439043723261e+00
-3.261316958777729980e+00
1.051997793207909648e+00
-1.144727688334044036e+00
-1.835942330735357508e+00
-2.723234158463760934e-05
-6.549938721430237365e-01
6.640062666169271877e-02
-5.788444924310397477e-01
-1.282446425435259219e+00
1.123854427572358095e+00
1.040594943951580920e+00
