7.075858465032534017e-01
-1.850447457594182721e+00
6.366033282193319653e-01
8.047108917674992146e-01
-4.081920541590730034e-01
6.270988126794938555e-01
1.114968627752791264e+00
4.224153967879908933e-01
7.930544551069096393e-02
1.622371495239542494e+00
4.748144039552077977e-01
8.729059673152849141e-01
3.002790554278135238e-01
7.935711725124343641e-01
-8.455945416607981713e-01
6.937814597245336445e-01
9.617479754784252766e-01
9.489992435679583949e-02
5.099216430088536756e-01
5.797033621674705373e-01
1.259703029824991827e+00
9.853173035205781138e-01
-2.308574346401294441e+00
-8.925426529334746784e-01
5.463424308067278412e-01
1.609131326567201592e+00
4.152698275938088712e-01
4.441927069661887328e-01
1.674928515140258423e+00
9.071641939795515031e-01
3.593414052664494207e-01
3.324478772656783709e-01
-1.887042235627254261e-01
6.099177153040598043e-01
-8.918144716289392315e-01
-4.320364591462024784e-01
6.406759609868333261e-01
1.763785367549877137e-01
3.695873313651034664e-01
5.946377892264727016e-01
-1.214595284332817382e+00
4.129273095192358412e+00
9.666684328577384022e-01
6.218736765926380361e-01
2.889583251189917767e-01
4.552933569287713755e-01
4.079175621240359595e-01
8.695915160527162291e-01
3.699695406118684859e-01
1.689488718699676983e+00
1.796839165056974830e-01
1.118417054843926506e-01
1.081526145827678143e-01
2.353178303398989479e-01
2.014228269308461883e+00
-5.658867699792705652e-01
4.894325656760091237e-01
5.712393383834063476e-01
-2.456633087170519314e+00
-1.832942351418633820e+00
2.278450046891431491e+00
3.358294728328692358e-01
4.665231241645544369e-01
-7.939347866110044727e-01
4.963090248911566915e-01
7.743666721235464845e-02
1.859232292120455377e+00
2.340389487742359220e-01
4.238215625256245289e-01
7.560688081195723331e-01
1.270810968295422727e-01
1.289867202320876372e+00
-1.825797294813307659e+00
1.135250834325755021e-01
6.826542619705300297e-02
5.115016068860080978e-01
-1.423517262741085254e+00
1.292574821726894641e+00
1.606756658344757449e+00
4.642694567934009253e-01
4.478087933482347571e-01
1.068084117603467886e+00
2.456982272272149714e+00
4.019544286534117994e-01
-1.701450202056679295e+00
5.801814430815253054e-01
1.329802547464168372e+00
8.921379660849189097e-01
5.174428027064139624e-01
7.788264920200433927e-01
1.744155713172172106e+00
7.688124542197438682e-01
-1.403977609345094413e+00
8.233881531216876715e-01
8.026848108589352826e-01
1.151387985509526035e-01
9.485192563853617198e-02
3.219195774040752855e-01
-6.318584542851765629e-02
9.786938116755196093e-01
2.543527920008913368e-01
4.842849287883270737e-01
6.626193739649289816e-01
3.423316382997564356e-01
7.717574900862981258e-01
7.113669668646517286e-01
2.116234844529468528e+00
8.003884796048298389e-01
2.342292750136264479e-01
1.075911240316757889e+00
2.415273887307999523e+00
6.678779482045286153e-01
1.342195680402779256e+00
-8.314133181406173634e-01
9.301701781725597584e-01
5.338287157569363561e-01
3.789947286289597539e+00
5.206231304859573195e-01
2.133811790543413967e-01
3.957282357163117714e-01
3.266395391302582274e-01
-1.014815633690782537e+00
1.881913202050029543e-01
9.670814590676801714e-01
6.550397947884004646e-01
5.462964434167889571e-01
2.800839403276030204e+00
-4.523272660555869296e-01
7.626737178913507442e-01
1.027620392935947535e+00
7.506215004227770882e-01
7.777307552318125650e-01
2.793510483649760623e+00
5.789646279365388004e-01
5.935146942903299916e-01
1.889023632014260601e+00
7.774833847579523116e-01
2.704163982454182991e-01
-2.551439060202672637e-01
6.886162490738670927e-01
5.337246321730382270e-03
7.522326532630972951e-01
7.671767717306580137e-01
2.774167287458015330e-01
3.504343753812813045e-01
8.489923816600338791e-01
-1.381257982013612828e+00
-1.028465006935615600e+00
-1.086307156062551460e+00
5.014782331321390174e-01
2.061652429086668903e-01
8.283078425648456866e-01
-1.072714484222336617e+00
2.068611161484635641e+00
-6.019229324459076658e-01
2.138559320983594025e-01
8.152737627892818750e-01
4.491637836182089671e-01
-1.604027990653252300e-01
2.534070204632850043e-01
4.309273131837605408e-01
5.463263235023835263e-01
1.448603092801907799e+00
-1.108114650034232040e+00
4.697542272020606147e-01
2.323678728263126603e-01
2.510324016578837636e-01
5.252669485310949016e-01
3.558406552137994838e-01
2.441923683934726252e+00
8.049284401578123971e-01
8.268426367948292777e-01
1.600534745222374600e+00
7.438245896045488914e-01
1.196542995265659215e-01
7.863593536216674229e-01
8.261827349043587843e-01
8.350753359506828399e-01
3.320922688355349983e-01
1.358078388435576711e+00
4.986946032884864710e-02
6.867193717710009526e-01
5.003840131796422064e-01
2.650895482026669470e-01
1.328305234464003393e-01
6.434396288473784864e-01
6.791116915547553701e-01
3.789444670665721437e-01
1.349326480152743812e-01
1.498684569266119926e+00
1.809701792003175491e-01
4.110183164268617351e-02
1.670204925597585932e-01
4.212861305878398133e-01
8.683609265240972430e-01
-2.953486351854480718e-01
2.957913406670649614e+00
1.761065403430230880e-01
1.973808921852499010e-01
2.491011186216085527e-01
-9.562628136894946174e-01
1.536710770916348556e-01
8.429872766510618787e-01
8.128571045736212586e-01
1.732812634665941154e-01
6.733655029802289027e-01
5.446542225072512622e-01
-3.344496752903448611e-01
7.247419337169952458e-01
9.245873666890057629e-01
2.152376063831741293e-01
2.005809300523079264e-01
2.706982851783275024e-01
-9.984502934633718851e-01
9.187471834132212578e-01
5.545564767888252478e-01
7.302608163741702851e-02
-1.933287054018969275e+00
9.314420368876451528e-01
-4.556756827168371715e-01
7.196046988453607129e-01
1.615678284998409708e+00
7.721360420643694766e-01
2.463492583706141659e-01
8.127831025643673657e-01
1.522889527712817159e+00
6.421141340004599130e-01
2.978304765148647171e-01
4.844204657114402623e-01
3.287371844192819026e+00
6.840476622443936172e-02
1.899006081842554483e+00
-1.583680025987607376e+00
-3.180259435792584632e+00
8.021756195437600434e-01
-2.536622701172442929e-01
-8.746092694980696081e-01
5.827965578724381146e-01
-1.233910176278460114e+00
2.027369101485585468e-01
6.804718686025879038e-01
8.535395579408303623e-01
3.772651496683270267e-01
3.908201786567606639e-01
9.583013795412215208e-01
8.123855676690547867e-01
9.105984048704349743e-01
1.740500749698821181e-01
5.577323865315342299e-01
2.663392633454721992e-01
6.032974219408702155e-01
3.723293594417611541e-01
-1.000090377567396382e+00
8.470420132106710742e-01
1.210185000744901096e-02
8.206762627872150606e-01
5.701048680935332236e-01
6.083581679272556109e-01
9.452676313846488654e-01
5.801771437200194947e-01
4.595264027736746248e-01
5.865305294210232390e-02
8.893894793108342300e-01
9.861325879912172798e-01
1.009512714335171424e+00
