9.366019317129319344e-01
3.050143101989306604e-01
4.758766122809436894e-01
3.422205076119930744e-01
-6.668994783889159450e-01
2.293930714729278397e-01
7.460619659156015882e-01
6.017928721277620019e-01
4.012456616468385029e-02
8.302428919746259739e-01
2.112068058421759931e-01
8.840645455539916098e-01
5.264676316996632632e-01
8.367081712518272818e-01
5.928626667009427864e-01
7.697569145702081173e-01
3.227584068046364107e-01
1.168185348813546298e-01
6.660008562342266680e-01
8.551756167365119898e-01
2.183892447980211315e-01
1.702772319315115634e-02
4.993941010792075641e-01
9.291734472377503051e-01
-2.666574062427919944e-01
6.374108425422619906e-02
1.177132722442512103e-01
1.592036097930146443e+00
3.418280790569044880e-01
1.885011821153106837e+00
7.691843279549746004e-01
8.330447173095978375e-02
3.835954911465244699e-02
1.807516015102142437e-01
2.500938209631042852e-03
1.958473303327036286e-01
1.594493198405477763e-02
3.838753445398190856e-03
3.721437517711408960e-01
-9.670268814607057006e-01
5.375909609468276784e-01
4.160818519967323104e-01
8.756046190680147889e-01
3.351842120098490474e-01
-5.635515503099929324e-01
-1.082876127123593157e-01
8.906380993400655477e-01
2.003797679235812534e-01
2.553323681562332803e-01
5.998088159527215080e-02
6.109528347473187626e-01
2.586454568103017770e+00
5.968310992608693022e-01
9.965051384601286699e-01
2.921109878330121479e-01
-1.935177713342820516e-01
3.335990212300348201e-01
3.686307329835637692e+00
7.066607505597095606e-01
1.083594464846098893e+00
8.288823067438554348e-01
2.321165221409070334e+00
9.560002371533022902e-01
2.012845162321342141e+00
1.301175278796401491e-01
8.127442912867743896e-02
3.848738743243615978e-01
-1.516052729116145636e+00
1.090771179086371223e+00
8.797979924350965986e-01
-1.045459044677413685e-01
5.952096277135250357e-01
-3.997600398992902093e-01
3.188341816797342076e-01
3.126978893306342489e-02
9.801140261373109119e-01
6.769022947574143689e-02
1.476355112571818839e-01
4.361070355668261733e-02
4.438703764872682367e-01
6.992591319772444303e-01
4.131218187841554368e-01
-1.255201777556939513e+00
4.597633618924679144e-02
6.719703044578032580e-01
4.729898998487672701e-01
6.192332675726314184e-01
-1.800994543437036466e+00
9.683334854173192285e-01
9.760375839366118855e-01
2.674846908904515708e-02
9.610377144173398722e-01
7.529514421972582916e-03
4.286474392949495282e-01
6.859515296452379784e-01
3.756852621009244553e-01
1.232718573284793839e+00
6.417825705254565083e-01
7.024038982713970425e-01
-2.245875357646602399e+00
8.850354662964730057e-01
2.411321457904405108e+00
8.384180281328701412e-01
-7.245547486575585339e-01
1.174001263799729244e+00
6.903231532254157088e-01
1.640921863241424639e-01
1.002475896564950286e+00
8.679319997368606376e-01
4.184222816607761075e+00
2.845341467640283839e-01
2.267004011334778912e-01
9.558882775936626830e-01
1.368384034021191464e+00
4.743670471069949546e-01
5.847807635681595562e-01
5.662584142028235235e-01
8.117066048147627555e-01
6.883607089904654197e-01
2.806241705855972990e-01
-8.932991664235401252e-02
3.214995420161795847e-01
6.326342186438634885e-01
5.613805493790083867e-01
1.236169155786372986e+00
9.723223592790070091e-01
4.427731302037348771e-01
5.430702376696713296e-01
6.712313817676685002e-01
3.044752638573811065e-01
8.412532591654953151e-02
-6.199347662795728908e-01
6.748147604835056379e-01
8.642570249286897210e-01
4.620228977137040838e-01
4.502379645839783562e-01
3.560355660035460224e-01
4.205081355491569362e+00
6.082595509005184198e-01
1.593294016128774082e+00
-1.499653522197512245e+00
1.945464112039356541e+00
7.137593513376229160e-01
3.341677542230458986e-01
5.565821622924821410e-01
2.483365641383473488e+00
4.046234586157556601e-01
4.145986360354739775e-01
8.347240660500609977e-01
2.008765603407207223e+00
1.552896147217264211e-03
1.296089529888567515e+00
4.386568723603907483e-01
1.366678820554448226e+00
6.831448204601927587e-01
-3.000235109949593859e-01
3.692218740324286763e-01
1.454923465928367188e-01
1.958385943248975414e+00
-3.867275285974963728e-01
9.840777334615801175e-01
2.144680300438015497e+00
-1.081628801694466846e+00
1.717215746621758354e+00
1.153882423221610498e-01
-1.608076472242237487e-01
9.668512105194918549e-01
3.056080885756142784e-01
-4.751641621974000973e-01
3.615533550926832707e-01
4.005895874794055400e-01
1.549157318389740912e+00
2.598988291060775335e+00
3.347823312934067319e-01
-3.747341395483798188e+00
1.007199688182277564e+00
7.395501229986347624e-01
5.483411679002847539e-02
2.120758409391680921e-01
1.304082783028293058e-01
1.000138567020303348e-03
7.271123681187398047e-01
4.488780307820501303e-01
-2.504228135127524180e+00
2.858841151914262468e+00
1.322213440007150798e+00
2.444387178931959337e-01
6.146742027399958452e-01
6.539149452012160690e-02
1.130880814016688607e+00
5.690645618628210611e-01
2.723408547315317563e+00
-8.736096051163250165e-01
9.399624746677438525e-01
4.962844777886774583e-01
1.186192154467882620e+00
3.567329622447383830e-01
1.249196012070482142e+00
6.719397799135787830e-01
7.933114265425214029e-01
8.375031146200614396e-01
5.443073900059726133e-01
2.917133574919961170e-01
9.836696383460811210e-01
2.224888748484787626e-01
5.485885404269746912e-01
7.333081742039917472e-01
1.181272009202607443e+00
5.640889373745592295e-01
5.597206719538155850e-01
9.221249293892022081e-01
-4.429605573001003105e-01
-2.728753716784048100e-01
1.136355623484368582e-01
2.577402936878134265e-01
3.216293713595256509e+00
9.420081872631371755e-01
3.223091067516922203e-01
1.070252137259654068e+00
-4.797951156080879631e-01
4.634615812097361287e-01
3.351404476386964926e-01
7.036807678045547965e-01
6.304993849724284116e-01
2.464195056126311512e-01
-1.565684506065867510e-01
3.993429646800876753e-01
-3.899261681886105890e-01
1.528583638274019663e+00
9.109347054606997673e-02
1.242396137501111442e+00
7.287157422363174097e-01
1.609617693786615789e-01
8.229212047481239134e-01
8.875917405478787048e-01
6.838395361045435106e-02
2.147277625250160193e-01
1.009427864077447223e+00
2.123944756705646864e-01
-6.905321046403862795e-01
3.058426109280459215e+00
-1.660799655673066200e+00
2.428017844897913946e-01
6.337396642127404167e-01
-1.899002027480070964e+00
2.028262203750863968e+00
9.012898743840709326e-01
7.890244936966417377e-01
-6.945593688318225656e-01
3.060364469285773437e-01
1.027721478204329797e-01
-6.262099380344974264e-01
1.095292750483952693e-01
1.080969356093821165e+00
4.944278930871867095e-01
1.973414205587683545e-01
8.813868754686406959e-01
-3.141745781669595949e+00
1.294062203019600732e+00
7.242729639928171537e-01
-1.354772537167485136e-01
2.112244121331985358e-02
6.189888491592785424e-01
3.117311633414279193e+00
-7.834408793981203489e-01
