8.308814173725187491e-01
3.642775867927253164e-01
7.468805630178491084e-01
1.092901517152728097e+00
6.042393520611161195e-01
5.677828716735742187e-01
-1.094637054419380640e+00
-7.058558367755206620e-01
5.922542468772864499e-01
3.740772772859408679e-01
2.478364610635802601e-01
7.372334450231645686e-01
3.121770908108802978e-01
7.392006617987274542e-01
-2.031251321342467109e-02
6.214124472571591618e-02
1.497382948551514437e-01
2.323166392336867281e-01
1.267667639052006967e-01
1.160975617300943341e-01
2.225467669388955239e-01
5.747533885810089949e-01
9.568888641958819274e-01
1.575612314285613769e-01
1.582797807303859550e-03
-3.784438831421235161e-01
4.258013331089290365e-01
6.126252717488918087e-01
4.428962191329566256e-01
9.275184272562780885e-01
-1.407683188541099251e-03
4.667353881675880833e-01
7.174319203889980567e-01
1.366985871354582383e-01
9.458257626841466426e-01
2.244876126709469677e-01
6.215894567933761827e-01
1.524016077412710946e-01
-1.278802439448430972e+00
2.741358678161580076e-01
1.356802560619521980e+00
1.588391620272332716e+00
6.552220187913194716e-01
5.244644230108482796e-01
9.851821994713874098e-01
2.954225585111573960e-01
4.636734007241363198e-01
1.325627311464857350e+00
-8.071357946508603831e-01
2.119511618498965966e-01
3.943859970076850630e-01
7.060350560896037075e-01
5.369347610655997860e-01
1.200451075360965403e-01
5.297432660280698702e-02
1.258332877992797139e-01
3.990838286163985726e-01
1.899916014854873936e+00
4.117680631983874351e-01
9.668607763346376283e-01
2.524025400334617419e-01
3.947999291720869497e-01
8.599204472602144378e-01
2.739993334643193168e-01
6.012004359594791403e-02
3.444855693615677117e-01
8.761636080831537443e-01
6.326271919221250206e-01
2.959192012602816835e+00
4.745270364727505186e-02
7.809908551813101729e-01
4.033310434486610530e-01
-1.237143134892428886e+00
6.008734445753936004e-01
7.983204189424489838e-01
-7.752444849332406074e-01
9.348378496062541565e-01
1.608765393466063953e-01
5.237037124456010995e-01
1.375330535192389902e+00
5.111995038420578119e-01
7.704840198453168920e-01
5.607248702641242089e-01
1.909703310109695851e+00
2.796288863557546467e+00
6.349679410913542377e-01
7.747640725996719491e-01
4.434110123471699527e-01
5.320193388399506729e-01
3.794281975161549747e-01
5.006614274211376170e-01
1.352356559126683067e+00
7.648095818830829007e-01
8.447708886579198273e-01
4.518237013483324960e-01
9.969369204554464625e-01
1.690534923063214956e-01
2.702115712500245959e-01
5.626558021281639066e-01
1.117698675920684170e-01
6.978785174577784023e-01
4.018894419323281175e-01
1.308014711216701098e+00
3.271548325850713868e-01
-5.455365846964344012e-02
4.516576470534877652e-01
5.374672037507470801e-01
1.424834012873811062e+00
8.700263880157255159e-02
9.256549134274272284e-01
5.009048272669388568e-01
-8.694071933198738167e-01
4.705568780326360723e-01
6.090834513226495162e-02
1.337766464365001351e+00
1.510719002911621311e-01
5.606651066190154742e-02
8.843881147956480504e-01
8.823507845255966764e-01
4.838946801836966904e-01
8.096059212104995684e-01
1.834568394477850140e-01
8.629863071841837874e-01
9.403275168054680000e-01
3.697527768127998327e-01
3.760675623125740996e-01
1.296260934773243889e+00
6.511106268738312552e-01
2.605294521126318985e-01
8.862378468969677181e-01
1.673650037070439467e+00
5.107882504153358205e-01
5.027535558139250016e-01
9.428607444746506250e-02
4.940446077919194989e-01
3.925509395033585092e-01
-1.169359596647464805e+00
5.557546350064094254e-01
5.066382021328881269e-01
7.303179712958282055e-01
-7.970952709973089245e-02
1.285603970487037007e-02
-4.237464437749500767e+00
-6.397624828819586940e-01
9.384675554552130983e-01
-1.456647229661971021e+00
8.943694348312253295e-01
1.062843252284945361e+00
-4.655040058960656646e-01
8.251916633712578220e-01
-5.451686584975743433e-01
2.249243643752589783e-01
-2.598905878047093054e-01
4.324884283590629819e-01
3.900124036953755979e-01
3.888294490137234050e-01
1.088385452157121014e+00
-7.114004925052292982e-01
7.425106451801946061e-01
3.843210144847512000e-01
3.357539115002103891e-01
4.280275521895815505e-01
1.000656571629524816e+00
7.421646889370203670e-01
7.662891249338672495e-01
2.963912175567527951e-01
3.202761811102861067e-01
4.613295542068264199e-01
7.521804123495927641e-01
2.855808370725312351e-01
-4.121851395413065333e-01
5.259989941729690255e-01
3.181487004991955247e-01
1.215347086987470959e+00
6.241989266246593671e-01
5.269532650042386690e-01
1.653481503408508635e+00
3.100079900336213390e-01
2.256315567484675766e-01
5.913702443364964312e-01
3.103370111180074331e-01
2.305425240811823651e-01
7.452718375807800832e-01
2.966795523642673515e-02
1.367295579297184149e-01
8.756048232337655390e-01
5.061518609859116946e-01
8.583779943894902509e-01
3.441093571316574673e-01
1.345470118768046675e+00
8.305507962573132064e-01
5.497339634071386483e-01
5.764151104212860144e-01
1.421123045705555699e-01
4.264243937568782394e-01
1.735052242328549710e-01
5.853456656263551494e-01
1.760926920574601984e-01
1.056424221192475699e-02
5.154984167961436103e-01
8.855071421167304280e-01
2.107931731539803843e-01
1.106735293620100258e+00
8.510039030753595579e-01
1.102517610621008837e-01
8.195871497351265855e-01
1.157165934123129514e+00
7.569993462076659574e-01
-7.171476606491796746e-01
4.628029957977488618e-01
7.560228791063484666e-01
3.333854198806717184e-01
4.000999286636789387e-01
5.058979419788753873e-01
-6.412075742229816910e-01
-1.452948402011086326e+00
4.180770359288130678e-01
-6.830513975508922808e-01
1.149319221116482659e-01
2.655296226923882230e-01
3.324227793805442088e-01
4.904304547641663570e-01
1.971571658820957529e-01
5.145490109022862191e-01
2.006491966310899322e+00
-1.940569240104276449e+00
-2.432371051785296334e+00
-9.430422006454658446e-02
1.522095758799562493e+00
8.306258760534246388e-02
5.806399096803478432e-01
5.279972493588308557e-01
2.824508119128414485e+00
2.339176136207956613e-01
2.287700202056576204e-01
-1.292846565460818109e+00
6.910399930689770098e-01
3.023627298483098080e-01
9.691044451960818540e-01
-1.580785943654192671e+00
2.505254055681925829e-01
4.450686737025244533e-01
2.245413538349640969e-01
2.648305977269160838e-01
-1.613564629317252752e+00
9.016709763441085324e-01
1.506250330955994698e+00
4.951799721092813300e-01
6.748828404464384256e-01
8.421924214280502863e-01
8.660197029899796561e-01
-9.101766665669234202e-01
-1.650808442955820632e-01
5.822132107073699769e-01
9.091262372464746777e-01
6.345072243125566835e-01
3.623585684659464956e-01
8.224853570836894168e-01
9.247555766197284033e-01
-5.074245896309536041e-01
-5.043510090589595762e-01
4.965179608194337790e-01
7.811322959870051763e-01
6.570783827209808470e-01
1.852261504419774329e-01
