8.779979566783621125e-01
-1.517554590195904662e+00
2.274923176569063177e+00
-1.936326806856484728e+00
-6.250060907869136040e-01
-1.773034903264204543e+00
5.543218805784328573e+00
-6.302533647355011981e-01
-1.002221524946349529e+00
-3.151382958571362636e-01
-1.936444343617934827e+00
2.048605389315772740e+00
1.196608657786004226e+00
-2.128711536261933546e+00
-3.609406445385569207e+00
-2.199821204770219474e+00
-8.043082436804183111e-02
1.461441871394311698e-03
-4.373233486349819010e-01
-1.766272869100954102e-01
2.433983415737078548e+00
-2.579344801638991047e+00
8.232173317321340722e-01
-1.154471155877089483e+00
2.455787969401355686e-01
-1.491490959200567623e-01
5.279995797288777881e-02
-5.650992444835767348e-01
-1.031466953398676223e+00
2.724219013962710711e+00
-1.049424319524411509e+00
8.073581228491449879e-02
1.011116045063121804e-01
-8.335296505741970341e-01
1.149889893689095333e+00
-1.293519766974774887e+00
-1.810219643919795729e+00
-1.678352808495627402e+00
1.122821816154251140e+00
8.007289225669262933e-01
1.975206928659790639e-01
-8.492916886735768500e-01
-2.610494773779079125e+00
-1.358573388217908295e+00
1.104736812636897270e+00
3.266305904802103699e-01
3.460136335183494616e-02
4.212159260333914190e+00
3.479314232711665511e-01
-1.023091406147293547e+00
-3.026626356104737958e+00
2.621336021889185020e+00
4.129965949782518075e-01
3.005742770341928605e+00
9.723224913905961220e-01
1.071752105361538421e+00
-3.798705291539684836e+00
-1.639086540130451963e+00
-5.298199323761312307e-01
7.771912079263276762e-01
-1.448268237804285263e+00
1.397475568613927077e+00
1.135737369778392569e+00
5.432854522822593291e-01
-1.291387189262566348e+00
3.762061610612076112e+00
6.864993463709323507e-02
-3.100847336236924323e-01
1.804038240909483948e+00
7.587928150720152365e-03
-2.051385297278017106e+00
-3.683093930988404097e+00
1.129884827416770765e+00
1.457533205673804622e+00
1.078204702396969167e-01
2.723429908079546991e+00
3.241837871980216002e-01
4.869682899385425340e-02
-1.244732726861981220e+00
1.008160638780277063e+00
2.194251855266163620e+00
2.996700673824774785e-01
-2.336854805120430090e+00
3.680141197379886986e-01
1.942893949398240561e-01
6.290522505791519281e-01
3.326443306446261738e-01
1.160313464621676616e+00
1.091549143176329950e-01
9.807620117803893534e-01
-1.159585848158262822e+00
-1.999797348485994553e+00
1.053845878009844528e+00
-1.449915563176552791e+00
1.920877431911444777e+00
1.569788818952488896e-02
7.281852913731805543e-01
-8.692821982721294916e-01
-2.267688725830753427e+00
7.282175615160743076e-01
-2.921974228709149357e-01
1.668206957781581901e+00
2.229962811310937099e+00
-1.407031050522792315e+00
3.895628223322929351e+00
-1.093564647580283766e-01
8.964430562531433555e-01
-1.008875258437983424e+00
4.382165789525594990e-01
-1.716995888550409965e-01
-2.220091506921753055e+00
-1.026846731501173782e+00
2.528370423867588812e+00
7.164691211073916932e-01
-2.971973112702731568e-01
-3.649309838782922588e-01
2.280339295164973912e+00
-1.891291921565291023e+00
4.283345896275570497e-01
2.606997657114584754e-01
3.257910009360334591e+00
1.258513070118806088e+00
3.369828662837908717e-01
-8.303641005107812445e-01
2.975101580650139077e+00
1.424344311074828173e+00
1.099687834170986589e+00
7.906378276839280961e-01
9.279309873490675376e-01
6.870343980305866349e-01
1.610961416735888552e+00
-9.214755339886797625e-01
-6.081343955822625658e-01
-1.081765575320802641e+00
6.442195896883429196e-01
4.017892544625756290e-02
-2.178386283025199432e+00
-4.538563478885850877e-01
-6.980486765596427556e-01
-8.061233423971865264e-01
-1.045570029129525569e+00
-7.061228712312339617e-02
1.627981390653997718e+00
-5.360821641455486564e-01
5.317211947122022497e-01
1.144983786221960287e+00
1.812096629298920458e-01
-6.945019514308203412e+00
-2.058380716895443552e+00
2.957957206889980206e+00
-8.497359610352532844e-01
3.766493565356849316e-01
1.681519322869870381e+00
1.654412571825681244e+00
-2.653345653979717333e-01
-3.854416440959509860e+00
2.039084340668596562e-01
-1.755693065977390166e+00
1.279270539751462543e+00
-6.938078858546243843e-01
1.307312766296630624e+00
2.911819201496499865e+00
1.589761289757168683e+00
-8.078814193837746682e-02
8.374507771616868101e-02
1.453422146171502671e+00
-4.157379467780502047e-01
7.711098531663826972e-01
-6.388054614172851142e-01
-8.126719671782123289e-01
2.877608275700997531e+00
-6.069933796403510495e-01
-1.489012761866412293e-01
1.271598491795302710e+00
3.394268729908295423e+00
-6.650293169402837767e-02
1.335041160284692108e+00
2.396155593450564614e-01
-1.305209666736838914e+00
2.437665627707641391e-03
1.395210860025561717e+00
-7.015600794963727793e-01
2.830942363512115589e-01
-7.269418188458216523e-01
-2.084634362275793740e-01
2.550339837654695074e+00
1.429969234094644603e-01
3.616469715070977364e-01
-4.818647668252342697e-01
3.251884512556320050e+00
-8.478754503056631364e-01
5.911336638082976824e-01
1.854307782342052624e+00
1.401354693824445441e+00
-2.178809705424515908e+00
-2.889446810904597207e+00
3.288426227208138375e+00
7.419560334540461488e-01
4.739922823520492656e+00
4.263974711978255172e+00
9.503133891319174298e-01
-9.983931173835774997e-01
6.777489951911249699e-01
-1.277881106182328530e+00
1.616838514643459623e+00
7.870784738818272785e-01
-5.855661714241026106e-01
-5.489184048662211213e-01
3.626057357899692413e-02
1.717113066145091071e+00
1.269231314989880399e+00
-1.222512263720357373e+00
1.396579567479716544e-04
-2.545180300084688430e-01
1.052274169221927291e+00
-1.422569436757733063e+00
1.606985697184313944e+00
-7.994725735778682729e-01
-9.355332303852500475e-01
-1.993661446331629783e+00
-8.611892607751139850e-02
7.118270612027854938e-01
-1.058212794664676881e+00
1.434476605152276152e+00
-2.030628479341136217e+00
5.568721642383416270e-01
6.019939809433408895e-01
4.399839692786832179e-01
1.503208368517547910e+00
2.906367040906556731e+00
4.923708882771380413e-01
-1.905712676151132823e-01
-1.134678624967173199e+00
9.673714815283673829e-01
-1.843552057970089031e+00
-2.392041804608309619e+00
7.992165658854548660e-01
1.932782215189450703e+00
1.606043175976104020e+00
3.315154000748020913e+00
7.302976132170859724e-01
-1.305542586826435425e+00
8.405709411870474490e-01
1.266117800051590025e+00
-8.742172943580255318e-01
1.279731728075192088e+00
1.890696427801891844e+00
-3.362467507911046649e-01
-7.309104613423791363e-01
-8.448358940274958151e-01
5.719289863662371243e-01
-3.582075514165568464e+00
3.338425734575113935e-01
-7.343654215870574209e-01
1.023520239674767129e+00
-9.400268501148831835e-01
-3.899096501579804031e-01
3.689523915117252528e+00
1.318410453493688572e-01
-2.359890737216264744e-01
-4.104300253387273223e+00
-1.042028849909412802e+00
2.126455358352918434e+00
-7.786229017857826395e-01
9.230586464687351445e-01
