-8.646161204297697633e-01
-2.423388144266075406e-02
-8.107487293937822859e-01
1.330260710928810930e+00
8.490967016305907000e-01
-1.600946759864588786e-01
3.730121552655343842e-01
-1.550476220685496287e+00
-1.456376924494012570e+00
1.891798628932434001e+00
6.209489674607461263e-01
-1.021131240117478134e+00
4.185228717996197778e-01
-2.336985206760568978e+00
-5.866700791120010861e-01
6.045969266489501504e-01
-1.394914845636305634e+00
4.622178745827968949e-01
-1.348937720687947706e-01
1.418839811539263307e+00
-1.009172764487521468e+00
1.675592254372578971e+00
6.425462422563270604e-01
8.077419867993418379e-01
-5.096872370653791062e-01
1.837228700984195884e-01
-2.184299046543696665e+00
1.192835425681867623e+00
-1.486723176944860558e+00
8.656189155237593510e-03
-1.944797199581262404e-01
7.077698759159600783e-01
-2.584994626453681610e-01
4.747208757004647950e+00
-9.785328852027703750e-01
2.766517657804448138e-01
-1.120433916888340375e+00
-1.988453831069773858e-01
-2.027879971196217657e+00
-4.215381979341795926e+00
-1.771363610457165283e+00
-1.092049769680717430e+00
-6.288091950079597314e-01
9.707695920915234700e-01
1.176158000484814892e+00
1.043996008008553522e+00
1.647301315414386458e-01
1.742724517921757865e+00
-1.193479640292202104e+00
-2.769032516969317292e+00
-4.761221577473800926e-02
-1.683955704080638549e+00
-1.640114599931397299e+00
-5.421174571700539957e-01
1.108227894341723641e+00
-2.605006186398965085e+00
1.385032345599320092e+00
2.825828400803166218e+00
-2.846622723584422698e-01
-9.253305175164283636e-01
9.397076395418169081e-02
1.943906051345667851e+00
1.639861558373061579e+00
-1.561160924438675934e-01
-1.106188323144044361e+00
1.089592123244065291e+00
-1.495615517308843123e-01
-8.788275946904601232e-01
-2.181855502974784589e+00
-9.180139280350343434e-01
2.648868358960736913e+00
-3.996015284949877344e+00
2.322756710494987553e-01
1.357599128632872354e+00
1.757213404942669088e+00
-8.007671824402635696e-01
2.600789054569966341e-01
2.544151027364179862e-01
-2.397952126054950117e+00
-8.479494875914740382e-01
-1.126875015361149979e+00
-4.321151595948039770e+00
1.247414598968804800e+00
-4.261248079234736252e-02
-1.107407226832585190e-02
2.264123980274258319e+00
1.706805572920478298e+00
8.467611141271002007e-01
1.804333770522695168e+00
7.330492953176253046e-01
1.073594124177624565e+00
-1.214364466075919413e+00
5.524151220580872934e-01
-1.321447584602260195e+00
1.252676703093557498e+00
1.064594868937617900e+00
-1.117626001332749475e+00
1.874565762935450630e-01
2.869093424812452664e+00
-7.982706152847571790e-01
-1.834610289576383391e+00
-3.923250904624754343e-01
1.346881388281742087e-01
2.798287632451423868e+00
-8.555140227431934363e-02
1.938521363234398276e+00
-9.365509324960764603e-01
-8.604250331854156331e-01
-8.805029618113987544e-01
1.368172391200669358e-01
-2.226472115445592870e+00
-1.596829849482433783e+00
-2.322493650854819514e+00
2.686358222638979498e+00
-8.530035218537609376e-01
1.678791581670707522e+00
-2.511009469628962876e+00
7.377981288289866546e-01
2.180288622652824526e-01
-7.052074324858936816e-02
9.298373484571165193e-02
-2.342880013889450552e+00
1.664737818571003336e+00
7.784437574510179036e-01
7.884106910545994884e-01
-1.162696520953065971e-01
-3.238528065611111506e-01
-4.840803217302184769e-01
1.438158371419476556e+00
1.325779737737132313e+00
-4.366051546021121332e-01
-1.073829809169768668e+00
-1.859020959422785779e+00
-1.052852364016942710e+00
1.615220014540756088e-01
1.688369345913404374e+00
-9.586574916946466463e-01
-5.098307009444800197e-01
1.625335621717221013e-01
-8.231897129214520437e-01
-1.927680128965169271e+00
-4.681438115244914044e+00
1.993409467470938168e+00
8.565831077628854873e-01
8.891966549876220149e-01
-2.224223154306532280e+00
1.623083665260287134e+00
-2.528460827303427472e+00
1.425267412742717621e+00
1.827367708133938340e+00
-1.019108463352283556e+00
-1.355463224605117256e+00
7.149211101892949394e-01
9.548431661920298019e-02
-1.348194519322232443e+00
5.187807282584099289e-01
-2.785607274384143683e-01
5.542734361221698380e-01
4.244035939260232260e-01
6.317335117947705525e-01
1.173234561796834274e+00
-9.165570840474227543e-01
-1.683218295365751516e-02
-1.620004859572362899e-01
-3.926876041030924469e-02
1.728908411710523341e+00
-1.260768780581103643e+00
9.950170408408609557e-01
8.429691029331823904e-01
1.031878220272297586e-01
4.896229133317950399e+00
-7.140110580093284032e-01
-7.775959033613473181e-01
-2.674412332157205086e+00
-4.521456450544239503e-01
2.308067275837952792e-01
-1.222545386336388207e+00
-3.632384544414202221e-01
5.261502077649950593e+00
-1.275918274800957875e-01
4.425492257643456329e-01
-2.676822504918336953e+00
-1.912259026096800041e-01
-1.146821756353038513e+00
3.835654635581287053e-02
1.552751487884368453e+00
-2.678916332603935579e-01
1.020418466561539672e+00
-7.569381805357433546e-01
-3.958692343885047427e-01
1.062316471547271046e-01
-1.077116325132917662e+00
1.906275548826749100e-01
2.596000342475699441e+00
-8.620845588915286850e-01
1.071288378009235043e+00
-4.753112616808758406e-01
3.440140556459702736e+00
-7.745055888991272397e-01
2.576523083424535621e-01
-1.768973226529521492e+00
1.167385076339313432e+00
-1.182602994473743063e+00
-8.250889076124917620e-01
-4.301050113921826568e-01
7.015553804056441356e-01
1.209225851323237233e+00
-1.037281319027660853e+00
3.498282288472391865e-01
-1.203918120883104237e+00
-1.349865369622352818e+00
4.016264098842540209e-01
1.834149545053742836e+00
1.137817972961022051e+00
2.892908916341470960e+00
-7.017545029066307727e-01
-2.003627867405429974e+00
-1.123285111503035671e-01
2.712422824191904613e-01
1.305068609932998447e+00
-4.720418841431565760e+00
1.130143272967543355e+00
-1.557920127301107849e-01
6.482019046703539900e-01
2.780712801116062227e+00
2.280029808393112534e-01
-2.660313598901679288e+00
4.781653360650227613e-01
3.109605366851343478e-01
3.816779149713150909e-02
-8.592022907010453681e-01
-6.369190296018968356e-01
1.147886436406572841e+00
2.269928813740685669e+00
1.218885242561674298e+00
-9.608258271222033242e-01
-1.376702718925083779e+00
8.519679728518374517e-01
-2.364797892639488586e-01
6.812741778446970153e-01
6.108239306958944681e-01
9.824923629779308554e-01
-9.757715321099473538e-03
7.940844989072456395e-01
-4.406494063613375367e-03
-4.527362736076400163e-01
-1.924415768974299390e-01
6.847965553994208587e-01
1.006942664080528793e+00
4.503415102932573633e-01
-4.248236970366768839e-01
1.672168072011720685e+00
2.329568693013513325e+00
4.100845106064314183e-01
-1.724921002039182971e+00
6.917154846688645942e-02
-1.456517974926683778e-01
2.211900750542536542e+00
-1.094440129139703233e-01
-2.223622472238337977e+00
1.730787074445855112e+00
2.750736056658144024e-01
-1.694119573268353829e+00
1.453504071142525556e+00
1.635772822869560716e+00
