2.362537481903195680e+00
-2.898102192786783937e-01
-1.158870449946406866e+00
-6.753095337079084715e-02
-2.168061922197956903e+00
-2.252656035550447911e+00
2.324938062279110262e+00
-2.239413278707454769e+00
-7.504887088865296318e-01
-1.917986724194357340e+00
4.101608713059942679e-01
1.545670808519690853e+00
6.192364527354230486e-01
-3.532464357705987545e+00
-1.412156759159816088e+00
-1.587751087717961695e+00
1.674259185155612784e+00
5.671411981411594860e-01
2.401034462085008148e+00
-6.451092797655296529e+00
-2.607342086185917562e-01
5.386197980387552597e-01
9.211355923880711893e-01
2.843319509953540436e+00
-1.762897136759981498e+00
1.908741948760663831e+00
2.299632585045260136e+00
-3.075269813598745516e-01
-2.359756240285417306e+00
9.959967180705935341e-01
-8.669606170236460185e-01
1.396422430610707588e+00
2.025610661058550310e-01
3.030504473412394262e-01
-2.224491206377235741e+00
8.234780916793057459e-01
2.833377576066809511e-01
-2.698809004372216602e+00
5.399170870166256631e-01
1.390603844503509379e+00
2.819982669489729421e+00
2.594595756076870874e+00
2.842524360340090261e+00
3.127628447698530323e+00
1.322497236023301159e-01
1.065379687076297266e+00
9.279850189221621193e-01
1.614513934612566093e+00
2.845268049473816507e+00
-5.941424807012045672e-01
1.624804497970741002e+00
-8.592396957163210836e-01
9.727417834752956072e-01
-2.146049578823699733e+00
-7.140643938204658259e-01
9.564426004236015189e-04
-5.561274382271952366e-01
2.414889509045834437e-01
-8.726025047304976079e-01
1.004766727307904173e+00
1.687257894010209869e+00
-1.398646094264865525e+00
1.242911669277753317e+00
5.556678414720559456e-01
-4.457151821592246765e-01
-2.381383669686600868e+00
-1.214761252948027170e+00
3.645079871949571615e+00
2.816697381405530720e-02
-2.410058844181476978e+00
-1.288898707425625068e+00
-5.499731398321993092e-01
5.211011529640284801e-01
-1.021435204482689763e+00
-1.301217843900007498e+00
-8.843892367474933680e-01
-8.271547972660037162e-02
5.066665035392677652e+00
-6.659858245272252120e-01
-1.256012336073005109e+00
7.073870898809437868e-01
-1.907724254863979008e+00
-4.158322750337081430e+00
3.993097958458335928e-01
-1.323346444692291790e+00
2.239132317239301839e-01
1.557799085078549028e+00
2.363527653749812885e+00
2.078988418700537633e+00
-1.513374905599956577e+00
4.452783639485719536e-01
1.815076422788349575e+00
4.832946014911027044e-01
2.146862202080748461e-01
-1.587615746669794214e+00
-5.874972707748926659e-02
-3.539556863963877475e+00
5.792274330978586239e-02
-1.123057354900276028e+00
9.580977941309443136e-01
-7.356369773264258560e-01
-3.803042405130943049e+00
-4.000208964347101714e-01
5.873142266164492753e-01
8.899113887360641240e-01
-8.172227810422153516e-01
6.361163317225151381e-01
-1.433058990287582046e-01
-1.814234061475028748e+00
5.375925798783249832e-01
2.167677761863354424e-01
-3.476877849645227059e+00
-6.845384942499638248e-01
1.830236922991609561e+00
-5.398875303805042991e-01
-9.367560925420737039e-02
2.266735898390281889e-02
-1.468915685500005175e-01
9.256862752048484744e-01
-1.004238554245702186e+00
8.657226931557954197e-01
1.089527774768842550e+00
-1.021452389166491059e+00
2.646080628272752033e+00
-1.093741275286888914e+00
1.170132619218173353e+00
-2.128286296341068695e-01
8.752815538777295457e-01
1.539612433892098009e-01
-1.761014018443462614e+00
1.509356454308588225e+00
5.487047457005926887e-01
2.960734378634264363e+00
3.338258375443359682e+00
-1.686075893012785043e+00
2.700418346511054835e-01
1.125908834033295669e+00
1.273483697793353353e-01
-9.612795532968549939e-01
4.300497149788864437e-01
-1.003222772170219157e+00
-8.085401210602271016e-01
-1.944553923345226476e+00
7.473747488336313083e-01
-6.434846310137631864e-02
1.633918606301475895e+00
9.228800349166488282e-02
-4.441071914354484118e-01
8.404478903916192678e-01
2.634956086868875946e+00
4.766887020908085193e-02
-3.289141815669649471e-01
-1.097547872276272152e+00
-6.958417655960084103e-01
-1.165389228972248059e+00
1.974082577491116819e+00
-2.973709739344300829e+00
-9.415723791306819246e-01
9.545748674994194438e-01
-3.356683107270396760e-01
-1.642071464831370120e+00
-7.723801669765806288e-01
5.677070847115739394e-02
3.031122309616555155e-01
1.862800244138703432e-01
-1.052432409996083562e+00
1.763711554842712692e+00
1.119488766362505938e+00
3.531300008385929168e-01
-1.792393492575159897e+00
1.748984859326142560e+00
2.156250762409494648e+00
-1.129555411594618697e+00
-1.889600279710689001e+00
-1.830754261521891246e+00
2.124560608275032347e-01
5.017959146512458724e-02
-3.602951292808853623e+00
1.013573889069113054e+00
1.260607312496602406e+00
2.611008889813136946e+00
-1.189834415052242633e+00
-2.726303986625045361e+00
-1.041151581536920556e+00
-1.885816376500092817e+00
7.146110213508245490e-01
-1.149554058380412164e-01
2.078002663999627853e+00
5.433217587262372250e-01
-5.547052189558264734e-01
-6.249981746900201696e-02
-1.305658780406737662e-01
-1.490893666534355066e+00
5.653919276374097524e-03
-8.686441573368804958e-01
-6.782896345354132439e-01
-4.955713016744493771e-02
1.055400212613698541e+00
1.066484156631421598e+00
-2.130167444949919164e-01
2.157501721857918220e+00
-6.711878109538476078e-01
1.096851054694935046e-01
-3.831490726839050787e+00
-4.437798168539658361e-01
-8.525637479525141060e-01
-9.059117313083172585e-01
-1.037497892059095150e+00
-4.363855339072440775e-02
1.601988344339770443e+00
5.086030573494135787e-01
6.695138197160430682e-01
-1.403189325036267698e+00
-8.566199606108469977e-01
-1.224570827620109048e+00
2.080366659221433157e+00
-1.688608711145079599e+00
-1.640279540443206618e-01
3.256981968124812443e+00
1.246457410445856562e+00
5.885070635612592582e-01
-1.470712844235849470e+00
6.085831249286755007e-02
-1.846348091036484895e+00
2.466373976897756393e+00
-8.669280569898477617e-01
6.217776485537621634e-01
6.263833949276778057e-01
1.291308718654925691e+00
-1.011435010634096132e+00
-4.234340667628861077e+00
2.862169386425007289e+00
1.555546403384131526e+00
2.049877956230412135e+00
-9.222693380608730784e-01
1.948974598340782682e+00
1.258953992164396407e+00
8.862059649930683625e-01
2.569867226401335580e-01
4.126339731050356008e+00
-1.514726251854536132e+00
6.912485101606374860e-01
-1.356819227082917134e+00
7.090468888205969655e-01
1.206509127233670320e-01
-3.032126002101111495e-01
6.274085706343477398e-01
1.844228636089907392e+00
2.878885055373292534e-02
-7.232770379906752201e-01
3.174010331648968730e-02
-3.557859954438301608e-01
-7.853631282715848316e-01
-8.103739927689647751e-03
3.659071765459298131e+00
-5.640553791838992526e-01
2.105543211115334934e+00
1.568880056420024038e+00
-8.855481000704837902e-01
1.296982614816715396e+00
-6.667107686086436447e-01
2.094557442611850728e+00
2.219631896456379483e+00
2.736177690398862161e-01
-7.584217653703348994e-01
