-3.988023538417901914e-01
1.295596284396663078e+00
-7.158327947835109450e-02
3.824831685048311947e+00
1.802245845311679862e+00
1.600571971076965916e+00
4.152088615927286952e+00
-1.526984572159287179e+00
-9.731014075529453855e-03
-1.515602786523810863e+00
3.599987379533196585e-01
3.307732982013118772e-02
1.402561776944451610e+00
-3.308090512421772988e-01
9.552936861253467082e-01
-1.714889620172663776e-01
1.430129151773951834e+00
-1.879523477300408807e+00
1.801284304838578709e+00
-2.100097813850856809e+00
4.729250730805931169e-01
-7.202927770317328893e-01
-5.604609463462382202e-01
2.664426777412622904e+00
7.224911655975432279e-01
4.050481184683611069e+00
1.327937409952974157e+00
-3.322908092139302383e+00
