7.845341501321517752e-01
1.521783685982303513e+00
8.421302455334459536e-01
-5.394200028960532967e-01
-2.542543379873670517e+00
1.016553299630964524e+00
1.637634698049779569e+00
-2.783020547463673111e+00
-5.259015876853218030e-02
-1.707012889928305466e+00
-2.462105959504078401e-01
1.485277710137678508e-01
6.521485289496598003e-01
-6.599973225459244697e-01
1.559010607821108785e+00
-7.727869080987098682e-01
-6.788480230164324336e-01
-1.577939870905467057e+00
1.096030089290237930e+00
3.201813619443006353e-01
-2.533376175889257009e-01
-8.079111306497399614e-01
-2.475363332374092451e+00
-5.435341451459644313e-01
-6.685257777117303846e-02
-1.552228505716892082e+00
-3.162290507383190286e-01
3.794498166450731347e+00
1.938812349621471309e+00
7.225064986060977801e-02
