2.945645946165615037e+00
-1.099712705990073758e+00
5.216615919690869019e-01
7.344371967425403769e-01
1.026841533910882509e+00
-2.824244582417810845e-01
-1.501152952798203155e-01
7.769346117778008765e-01
-1.647645725383193982e+00
-4.159790878824319860e-01
-1.487295807607391662e-01
7.113033111017252885e-02
3.435337166252674379e-01
1.156723948695829396e+00
2.929206665010599675e+00
-3.955686903737909432e-01
-6.742167965960166320e-01
1.068689406117153684e+00
6.498975183289528168e-01
1.805067394896160859e+00
-2.645746775992976474e-01
-1.240964672580194383e+00
-3.171499357679601339e+00
-7.585340038288648223e-01
1.548931979571349649e+00
-5.465348098621659600e-01
-1.398028365559878416e+00
7.942810789810341721e-01
1.196981408490755516e+00
1.935081507744001783e+00
5.841930825158676566e-01
