2.949607784835882818e+00
9.589835365564872705e-01
-1.187696679475271910e+00
2.382364003075565950e+00
-1.404468310256639096e+00
-1.159721050316260715e+00
-5.022836806677583033e-02
-2.105070611334460828e+00
1.406845552224262663e+00
1.694907705594898006e+00
1.448658107306342702e+00
-1.867091056946912797e+00
5.909827000242342532e-01
-1.605737832824748190e-01
1.515627572055724182e+00
3.073177681754992729e+00
-7.931206341838815677e-01
5.063645707525602724e+00
-1.730335161176574488e+00
1.208143278600736226e+00
1.267087697345464115e+00
-5.182413926828077777e-01
9.996589609030784862e-01
-2.459446179156954404e+00
1.430925464798724345e-01
3.587659633268397208e+00
9.506447809590976572e-01
-3.443506561702961655e+00
