1.124693547989014775e+00
1.331008030656812169e+00
8.285575649305211288e-01
3.904310744169561254e-01
-2.212695912464448522e+00
7.024690340108921127e-01
2.965798174853784275e-01
5.449964963635670623e-01
-2.856754909615998983e+00
6.470396279345669299e-02
-1.510873083903306213e+00
1.515895202418452659e+00
-9.767669694047846907e-01
-7.729645133294331671e-01
3.751765216727602770e-01
-4.687158186930193149e-01
-1.790398485629366654e+00
-1.864167343949157285e+00
-1.676349050014172226e+00
-1.205288258414134228e+00
1.727965343583015567e+00
8.721005332910098939e-01
1.344104064033204704e+00
4.872019263722813243e+00
1.479252631635585402e+00
-2.582062237002317406e+00
3.995750717603170354e-01
1.869661367837593069e+00
-3.661729534764012417e+00
