-1.166413098616025712e+00
-8.667754125119864206e-01
-1.970841651972568442e+00
-1.981679051801117364e-01
-8.373929429176041328e-01
2.925534663707102245e-01
-1.496096093734027965e+00
2.934652804990548258e+00
-2.361757426164090568e+00
9.307266150614152966e-01
3.266204996103687641e+00
2.097597705720348760e+00
-1.584622828661065519e+00
-3.063643378037940401e+00
1.083834655147693615e+00
1.918645335562131127e+00
-1.041915700848388582e+00
-1.145435238546546941e+00
1.009208908259709325e+00
-1.941335291370162253e+00
-2.966449374112706483e+00
1.151038650562047350e+00
1.883917946557186474e+00
-1.736230387470633074e+00
-9.970239062800615448e-01
1.832620581395558723e-01
-2.544552325622303268e+00
-1.017266007168975417e+00
4.757875051251727605e+00
-1.661727265590384306e+00
1.030432116834984813e+00
