5.301049472169798715e-01
-6.724991512111837544e-01
1.825467596459854125e+00
1.320062434814010643e+00
1.448122503908791270e+00
2.100135940897617237e-01
1.958953337377791648e+00
-3.144969000570170259e+00
-1.432313279129754369e-01
1.229522776372954596e+00
1.533817037658093962e+00
-6.221265507238241677e-01
-1.459886419791603718e+00
4.337033973525631914e-01
-3.583175444338564941e-01
8.750546439140263755e-02
-1.246254943367720802e+00
1.115329970551686589e+00
-1.107247241918708713e+00
-4.256616216688565713e-01
-2.523597867922167115e-01
1.976720507121656700e+00
-1.164340624070401509e+00
-1.077037920065698540e+00
3.340221118860240423e-01
2.293133233538694249e+00
-1.545420130595655250e-01
1.237197014677664964e+00
