-2.246902107035571916e+00
-7.491521137598856628e-01
1.196741853502983677e+00
-2.049891356088128502e-01
1.822110499805539297e+00
-1.934541361096309586e+00
3.968083891227476290e-01
1.334162579802750104e-02
3.630884494446622868e-01
-2.119629045664302769e+00
-4.230957877670819545e-01
-6.139952207480383617e-01
-6.092177989868774457e-03
1.946354490714139684e+00
9.218322931312712409e-01
2.527614322937677738e+00
-7.149284244844786862e-01
-1.221255691777817454e+00
3.613819496398852915e-01
-1.096882698119922561e-01
5.370475006537175355e-01
1.891013977890687592e+00
1.810222123402153382e+00
7.200482625845572304e-01
2.102820332206108978e-01
-4.571122320191916555e-01
-4.539978294641761281e+00
-1.950741292900490365e+00
2.011670634805925673e+00
-1.414370253585988113e-01
