6.959853577006575032e-01
-3.175978974522871923e+00
-2.246035972441602802e+00
-8.883024903214893353e-01
-2.665962114143875183e+00
5.606128601140225598e-01
4.835100834925531998e-02
3.847627558535388737e+00
-1.656580850512095193e-01
-1.015975202907350772e+00
-2.412135184155108192e+00
-6.125153001331685720e-01
-7.782528725626423061e-01
4.745665162269085968e+00
-2.696072179860045659e-01
-8.990413081837084208e-01
-1.318454321381138605e+00
1.496845807958693930e+00
-8.214991011824460676e-01
-3.744869094320418146e+00
-4.704619937246524164e-01
4.450518817548639872e-01
1.616759123272742127e-01
-1.062686670728798077e+00
3.590469936245310190e-01
-1.302251298315990180e+00
-1.864771959096331866e+00
-7.849263471130342174e-01
4.859293278821989581e+00
-8.737188281160507275e-02
1.352975405176007673e+00
