4.195706903798523957e-02
-3.549659872826620433e-01
-9.987438579739159328e-02
-8.031621685059148197e-01
-1.883747849974743316e+00
-2.319559767289240959e+00
5.122093873846109702e-01
1.095021379279007334e+00
-2.471891052560380775e+00
2.059227065874078000e-01
5.378093218105268747e-01
2.588449020581231608e+00
-1.094618311945722677e+00
2.012445400811435192e+00
-1.190286188913874943e+00
1.258063502698554270e+00
-4.247069419465272500e-01
-2.319813887928237062e+00
-6.380539122698214438e-02
-7.503147502736325913e-01
-1.838095136969041477e+00
-9.459884427619003056e-01
1.072465094595928869e+00
5.717909424407033869e-01
-1.418542239999653676e+00
-1.701419353312734861e+00
-8.895162128999760387e-02
-4.958085170742884129e-01
7.844485700730861044e-01
1.471372024114332211e+00
