7.628489565792062610e-01
-6.423685462081091258e-01
-6.464808847499603495e-01
-8.822963515598342132e-01
-2.022444473782484820e-01
-2.008910279220551764e+00
-6.868684754999048181e-01
9.039416647240730018e-01
-1.338490519849696858e-01
-2.001007084850590090e+00
-6.874159338403662556e-01
-2.130198812134333153e+00
8.575183084316615467e-01
7.219768639111356912e-02
-1.083460856365746405e+00
8.873568833914362575e-01
-7.363356819275921339e-01
-3.724406117540220995e-01
1.349017586708541216e+00
9.144750101815078969e-01
7.105616702262976259e-02
-2.279302362971691309e-02
9.647705872617415856e-01
3.675800176857526580e-01
8.080244905970724867e-01
-3.360013807836323974e-01
1.795675837689943544e+00
-4.978728785323659478e-01
-1.491149104840084894e-01
-1.052528370425115378e+00
2.891708998114390083e-01
