9.697632070063060272e-01
1.637309195396640993e+00
-2.549040508358036972e-01
7.839280195184958888e-01
-9.786313219022029219e-01
-1.253627803063500412e+00
-2.445720243579669440e+00
-1.946052418238153059e-01
-6.449325939679627639e-01
7.138164122131104294e-01
9.464957518444849782e-01
8.637845102636365624e-02
1.463180067360762671e+00
3.185495052934469995e-02
-1.274653848127677236e+00
-8.266963881506659284e-01
-9.271693445165555270e-01
1.313332673818379481e+00
5.785408030781948874e-01
1.012571696803169052e+00
2.558539540949854030e-01
5.745493859300586648e-01
-1.589642922517336299e+00
-1.897539154120255755e+00
-6.425157238490575295e-02
-3.623688828967696285e+00
1.094374385241675185e+00
-4.687434427192855302e-01
-2.765189567622214906e-01
