-1.316415830086419048e+00
2.254474286364387403e+00
2.042548659354573637e+00
2.679399685034695167e-01
9.879096632599653205e-01
-1.462805532598733915e+00
1.779068830707218218e+00
-3.498012192015406141e-01
6.737530257960966384e-01
-3.861548434528931373e-01
3.696129890330401846e-02
-3.768290900298957857e-01
-1.559965892948756094e+00
-5.588207001464042811e-01
-9.589762916839984497e-01
-3.366634316165211804e-01
-2.990537930849545223e+00
1.117481933508403413e+00
-1.959678120029688664e+00
-9.081894381547856998e-01
-3.524884225040978980e-01
3.816925092068879088e-03
1.752106293302677864e+00
2.995784761562851339e-01
1.065886574842278112e+00
5.306457782958429181e-01
-1.046160082094991672e+00
2.091339519435193139e+00
-5.937573328322452021e-02
-3.547109021873573020e+00
2.530447644445307454e+00
5.124150664751800921e-01
2.052756029082163813e+00
1.089394920194510119e+00
