-2.374771796876429253e-02
9.076054953976003814e-01
-5.427265294665416934e-02
-1.424932967766161740e+00
5.692895040337884183e-01
-1.404573760158678519e+00
2.764478505995183744e-01
1.547274255112988384e-01
1.218925663479831556e+00
1.089437931610671484e+00
7.795566880658991726e-01
-1.095592789828870872e-01
1.077678778618672006e-01
-2.131417244152825630e-01
-7.005011292011728008e-01
1.592581078185887122e+00
2.305895460265371177e+00
-9.352582895257235407e-01
-1.779343838151859369e+00
4.797462251991666538e-01
1.011060104358655343e+00
1.527544179338641006e-01
4.891138410977154960e-01
1.993441484068509073e+00
3.808947497080164002e-01
1.436163504929892643e-01
-8.338138722717187701e-01
2.457157670022239948e+00
1.779860054042767148e+00
1.193878627058428954e+00
3.477380374215202630e-01
