-1.276549057794928999e+00
-1.339891169979434471e+00
4.530920312959254015e-01
-1.750927349806984168e+00
9.721021901045201474e-02
-9.050230689292614317e-01
-1.893435139137796597e+00
-1.166788430485112826e+00
5.944802426999783451e-01
-7.181279308353587520e-01
-2.317349684090366235e-01
-1.324776753615990232e+00
-2.624606937401987583e+00
1.985391170255652371e+00
-1.027723836887252107e+00
-9.519322592221319823e-01
-4.287988061715916066e-01
1.349230946720015423e+00
2.423688531746969743e-01
5.134868488253372387e-01
5.459784907813551857e-01
3.624597117359515064e+00
4.322246720094282679e+00
-3.700503259642604625e-01
1.273302945650707674e+00
-1.451347338631986839e+00
-3.984172417300323454e-01
-4.747837261194702285e-01
4.035892170427158199e+00
-5.577936076493801298e-01
