4.146210057919036407e-01
-1.526963863654242637e+00
1.666198273089939175e+00
-6.110597230953949133e-01
1.559299844896912424e+00
-2.468540612404945822e+00
5.764416263795502093e-01
-9.300965744349132258e-01
1.093182963294155874e+00
3.487160552226188370e-01
1.540968981663359827e-02
1.968311384057419122e+00
-1.698647478912689746e+00
4.050472739877618578e-01
6.439541682270470968e-01
-1.426508597697840885e+00
1.071891343315284573e+00
4.283613030091809604e-01
2.290573317966844435e-01
1.993151285751612711e+00
-2.570793647875444954e+00
-6.488881475662798826e-01
-1.444759180659302089e+00
-7.529867871783764155e-01
1.040218625839480771e+00
1.599354083589368258e+00
2.333615147019233227e+00
4.111124204273770566e+00
2.032972737196256041e+00
1.350606328934411682e+00
