1.083587026272085918e+00
-2.911062851050560507e+00
-1.361049877316937495e+00
-2.189056567898812311e+00
-3.636176033887930092e-01
3.579825756379766410e+00
-2.070153814005804449e+00
7.477992476737670424e-01
-2.345950490543665667e-01
5.792462618811915487e-01
2.117276044906284405e+00
-7.739685039232825359e-01
-2.754022790165190138e+00
1.156793077820653881e+00
-2.776303678518618590e+00
1.210785632758643038e+00
-1.391907641369281023e-01
-3.881039280001623987e-02
-6.605567426894641825e-01
-1.231472572330531978e+00
3.523773469586060081e-01
-1.354336447719263481e-02
1.664973943469194140e+00
-2.824877323603153467e+00
2.551532552232004925e+00
7.207778388137885406e-01
4.097034616801076834e-01
1.588502826388001221e+00
