8.551094679014301786e-03
-1.105659345000406635e+00
1.818111603361131312e+00
1.904381084194686657e+00
4.758008522270146812e-01
1.059144888409546237e+00
-1.634345115331804488e+00
-1.293051213963559931e+00
1.710732153538079281e-01
3.160602986149330107e-01
9.215863925603796636e-01
-1.392258740787019500e+00
-6.081087547287854500e-01
-2.916745876097959211e+00
-2.749645822230060710e-01
-1.527112625371059629e+00
-1.893403641734769244e-02
-2.313658772617985804e+00
-7.261429725766990195e-01
-4.838703750438089202e-02
2.885865944862078813e-03
-4.601173813822839742e-01
-3.714763608509985549e-01
1.305983190222233636e+00
-7.905549100472119006e-01
-1.060885927265303508e+00
3.740989619043526559e+00
4.086717195374773293e-01
4.115019214569577422e+00
2.950658602567664435e+00
