-2.146830179384734194e+00
6.262516983521764224e-01
4.432101037661053122e-01
3.405335676514945065e-01
1.109668578062086852e-01
-1.862319708542541363e+00
1.710521259417568718e+00
-4.714284542082429752e-01
1.139617620266179188e+00
2.263242016841600979e+00
1.044816483893047099e-01
3.189775122814037189e+00
-4.439256505821267962e-01
2.862679639480261162e-01
2.569107870087054657e+00
6.341930900879824140e-01
1.275592882667769157e+00
-4.678195449547328799e-02
1.033041167460260867e+00
-2.309105690086453166e-01
-5.381229308674582157e-01
-4.664672056838448100e-01
1.040826519577586762e-02
-1.244162480509312996e+00
4.789372799666069547e-01
1.135879962217397177e+00
4.529063479194979536e+00
-2.734646944670609869e+00
3.054130858513969926e+00
2.109287105087768843e+00
1.931739096782886800e-01
1.080377420360649987e+00
1.060926922755594415e+00
