-7.732406846405364131e-01
-5.684236146959582570e-01
-2.864579227554579610e+00
3.561065701849394083e-01
-4.658380868054004864e+00
-1.731846773431559017e+00
-5.977146846313171613e-01
-6.183671243261427142e-01
1.976422237660226511e+00
9.972648436654103499e-01
1.013845335498093636e-01
6.465886763200388021e-01
-9.219940630774796642e-01
-6.997404166232906730e-02
1.784418299567204769e-01
-1.045679531965332920e+00
-8.491595441042245618e-01
-1.726749988735279295e+00
-5.578420356059275997e-01
1.652910321043705499e+00
-2.784080195362193533e-01
4.985346201697060664e-01
9.080044009321477372e-01
3.409987119749168016e+00
1.807721521114768581e+00
2.604186491173346774e+00
1.578390298527353464e+00
1.237378401229318303e+00
1.841386371016320744e+00
-6.681111038188150886e+00
3.670237299831184075e+00
-9.176237802067725990e-01
2.290599181199915346e+00
2.466922280777849030e-01
