5.016130992669445288e-01
8.957353039479678536e-01
3.651879848566997877e-01
-2.477953828674810843e+00
-1.665350542269967704e-01
7.378381680988113089e-01
3.970032669296297279e-03
-1.585809047750905254e+00
2.433914842618694063e+00
-7.730126496977260953e-01
-2.937078830011757180e+00
8.281905672450879941e-01
1.259427494126411640e-01
-1.039723994105447691e+00
1.641577113903301965e-01
-2.256701913701966600e+00
3.222890347608746708e-01
9.571321494024994658e-01
-1.266482374322990268e-01
3.499916462548483542e-01
1.270317550974558785e+00
7.354615806554368751e-01
-4.301254523877960922e-01
1.689499257139230215e+00
7.136352829604611925e-01
8.558937513532536290e-01
2.754915877999661311e-02
1.431089698097005147e+00
8.615802448402198888e-01
-2.243398792354764915e-01
4.887836779182994640e-01
1.193476984260917639e+00
8.413667556678050552e-02
2.107087162917371526e-01
5.755656009122581684e-01
-1.421090560658355706e+00
2.151792586867153079e-01
2.193437581669278602e-01
8.969570873711079084e-01
-3.172945778768674341e-01
6.545767227270694599e-01
9.848480837732209725e-01
1.676356382371233078e+00
5.321573371737897684e-01
-1.341146674526265681e+00
1.859338630091585953e-01
6.702284440449233216e-01
9.536782176414853041e-01
6.655359984947162300e-02
7.086461262177102816e-01
8.825720147499980239e-01
2.201023243229325299e-01
8.242406205166568078e-01
9.817740654578177573e-01
6.095660057867695603e-01
-8.114227203770372210e-01
4.071353886398301203e-01
8.887921562897117544e-01
3.102880097559841399e-01
9.193349387526283945e-02
2.257984325154343885e+00
9.777223182067618090e-01
8.006540494147498244e-01
4.997614053447861915e-01
-2.279700308559921007e-01
7.428908562478242494e-02
3.311084427893468130e-01
1.054449020119838654e+00
3.003815433429643522e-01
8.022917810575336262e-02
1.029723647077688486e+00
3.934597248425690807e-01
8.647087875160286430e-01
8.005772920283221739e-01
3.544810456650147046e-01
5.609893493283231169e-01
5.367207494075473262e-01
4.910085447684128246e-01
7.058425668558496735e-01
2.951190864665029778e-01
7.974977963004271642e-01
8.244466037814568438e-01
7.793800396444452439e-01
9.508429872318251430e-01
1.370521955193177543e+00
7.635019652446453087e-01
5.354267923207721713e-01
8.075899301762096139e-01
9.887009984385248806e-01
1.087961611808765827e+00
-4.136349107574642803e-01
8.951245456416669910e-01
7.083297197883449137e-01
3.615021227626348477e+00
8.944385871816928901e-02
-1.159969890600548892e+00
4.893324055906328462e-01
4.981120212925934099e-01
4.776041410204075466e-01
4.740265114362663956e-01
2.434113350119110564e+00
9.444282781568439367e-01
8.249333319925343799e-01
1.512594464611411560e+00
6.582979882577303377e-01
5.276317750449351918e-01
2.678810834082949732e+00
2.837978400776635102e-01
1.807457141653575183e+00
3.590179116629306222e+00
5.669574003002065821e-01
-2.578649864036530737e-02
2.813011417018821403e-01
4.983897836247380697e-01
3.364911716701279865e-03
2.679699424270127750e-01
1.529326051228501626e+00
2.527903997044981255e-01
2.565474208911926457e+00
1.296623539895305210e+00
-9.652832337702171861e-01
2.439466838439363350e-01
1.960416585525082356e+00
9.887501636821278694e-01
4.332723073637174682e-01
9.186045549301393720e-01
4.739281805834196781e-01
7.369617791696901898e-01
6.934558564110753220e-01
1.037351443795325956e+00
-2.114926269531356873e+00
8.157406682298102840e-01
-1.990575421115894361e+00
9.782499662448517208e-01
1.479254075428150683e+00
9.422548321870303223e-01
2.103435861011693220e+00
2.735458980970392751e-01
1.940824570449605213e-01
9.092527482775185632e-01
6.080495326343852147e-01
5.801005116965849417e-01
-2.715384893628924878e-02
1.381003099160003966e+00
9.830726511897144304e-01
6.485983872231310121e-01
1.155204013731295110e+00
1.999492940815853492e-01
9.816327011840442207e-02
9.778367328501779143e-01
9.016279411470882188e-01
2.218406602484772172e+00
5.157325606483086355e-01
9.912325309127811845e-01
3.240014628160092780e-01
6.993949842721823851e-01
1.622232041911129796e+00
2.704840370078977152e+00
-5.354227314996147236e-01
-7.141090631854318804e-01
5.529475366171608952e-01
6.536985221409271629e-01
1.559615376992233293e-01
8.620151698549877173e-01
6.393450616227758232e-04
2.528515169866296652e-03
1.968927741938367726e-01
3.775652602018358950e-01
1.615564683214938402e+00
9.727276859034610368e-01
3.191567294238931707e-01
6.542788058145335151e-02
2.212933808240643563e-01
7.860404917806964598e-01
2.211579465436722458e+00
6.391726161503393788e-01
5.005557926397899982e-01
6.647548759310257793e-01
-7.139599609384598145e-01
2.255603928663923341e+00
1.719023623229654074e-01
3.699685653499961147e-01
8.995658704908822134e-01
-3.704800141622494047e-01
5.019238365470912733e-01
3.603333897277961051e-01
4.623320679562727964e-01
2.729670965202997124e+00
9.995169451440354402e-01
-2.207597079315014810e+00
1.592622840866338985e-01
2.198015257775487452e-01
3.692250648884920494e-02
-4.862470265888896304e-02
6.307199469928637114e-01
-4.666554640150938349e-01
-3.306472331125942521e-02
1.372770144786451318e+00
2.501615287159743017e-01
6.082753421175776110e-01
-1.435578675103516222e+00
6.541641436531779874e-01
2.951747252252434617e-01
6.114207493012759898e-01
2.365926463414207426e+00
-4.780028428444972333e-01
4.779828669380664641e-01
-1.085408141186942510e+00
8.443449006665647572e-01
1.897157708246327568e-01
-4.481703927616927929e-01
9.308583587503534984e-01
-1.516379858589020913e-01
1.607431762222708338e+00
2.111665904554742568e-01
-9.445281985503766187e-01
1.792517466045981056e+00
8.112404884916584180e-01
3.871955861563969314e-01
5.555328030036268405e-01
3.517393004411853985e-01
7.536035710083488492e-02
3.345055541648943587e-01
-7.338833550610908141e-01
6.916693900750234825e-01
6.461380184109655200e-02
9.447125076728131177e-01
-1.313383735040643430e+00
5.676534359054754564e-01
1.773826317726805435e-01
-3.351756980615948400e+00
-5.461347894895880462e-01
2.656707791619555836e-01
9.158772932959642343e-01
6.609542212646479786e-01
-2.150315252354248474e-02
3.554270488290734997e-01
7.286052885108902366e-01
4.398183141023329634e-01
-5.170381316277391504e-01
5.905414975302146763e-01
2.813684790665124336e+00
2.060234688254705127e-01
3.418576477869509356e-01
6.776076073577222969e-01
4.095110090340675635e-01
6.330890494046828576e-02
3.850586826680979513e-02
3.292368293886427377e-02
3.635459390959959736e-01
1.589111328711213300e+00
2.726166205455564651e-01
1.664740778799544962e-01
-3.600297531713869681e-03
3.837185717713933464e-01
-3.665198880526652214e-01
6.139407500938018902e-01
7.966555767808018995e-01
1.882655105563160181e-01
6.563725946893127494e-01
7.313934407866147236e-01
2.063803505419290196e-01
6.597534721772914112e-01
5.683048766233124161e-01
6.947642275400410794e-01
