9.080135649753683369e-01
4.783419271168588560e-01
1.673847938459926965e-01
-1.695606673984509927e+00
9.430013097256511045e-01
2.267690056691675782e-01
5.828561540915144779e-02
-5.491504362872654532e-01
7.376578025044472353e-01
1.042771764432019133e+00
2.050130772962264203e-01
5.473889732274894726e-02
-1.671466388680407977e+00
7.745115805293728561e-02
3.246563887235520696e-02
7.681434735838987837e-02
3.754987441902688072e+00
7.727340583321162804e-01
-4.869407857932366301e-01
-2.611997567971219958e+00
2.975918984546765067e+00
4.588726296254341253e-01
4.708808848443163386e-01
-1.466795488615558751e-01
8.173708197060971514e-01
5.591948235288283220e-01
5.339456868549767865e-01
9.725153964468469248e-01
7.080702831904382988e-01
-4.544214066780571937e-03
5.680229018580130962e+00
1.640980539890851464e+00
1.590889154425377594e+00
7.432932315563054448e-01
1.457081600850582248e+00
2.411277978619621454e+00
2.675730898833025284e-01
7.538259418857392591e-01
9.865532221033757043e-02
7.361788841229194302e-01
4.587833592173451436e-02
9.437702846534755663e-01
3.328310675588263212e+00
4.952060326360147036e-01
-1.120417958174732220e+00
-6.456589829559021831e-01
4.068633513191515783e-01
3.966253526728394929e-01
3.078719449568397826e-01
7.453634193271049257e-01
5.004808533933189363e-01
-1.105648008465008658e+00
-2.253267214523345663e-01
3.757062295539546071e-01
1.392173836508788565e+00
6.756818081358494377e-01
2.360540412433811408e-01
5.275285398229607736e-01
6.449683264997132515e-01
5.153891726229320458e-01
2.513622424207273554e-01
1.648937431383137753e+00
8.455585249428753114e-01
8.848685737693058329e-01
9.627338765092472439e-01
9.900347410426697525e-01
-7.884336681864245744e-01
1.356372146835809200e+00
7.133724728822018468e-01
9.500514685189997977e-01
4.621039223642959826e-01
-6.597580395092054184e-01
1.167150767391609278e+00
-5.525633185672369496e-01
4.516150158806686576e-01
1.324162705827821140e+00
7.443355206328142737e-01
2.861669429666976461e-01
6.995353533019974535e-01
1.761174146031744270e-01
2.918342898385759554e-01
1.278035708787979674e+00
6.060693842284016197e-01
9.820653882884239350e-01
-6.579163226257305208e-01
1.266848024847986309e-01
1.003579601068546046e+00
2.600165515082343837e-01
2.604159270599134546e-01
3.861227656058070501e-01
7.402015662903256299e-01
5.521061990660769414e-01
9.627282627586424280e-01
4.795422737889699638e-01
5.444758564626360764e-01
-3.426580933822287456e-02
6.362727638997700552e-01
3.514657001163181693e-01
7.018479623272677603e-01
5.296605008829678995e-01
7.772091125592828220e-02
4.251042213595197516e-01
8.069683640002531799e-01
1.358227436677978739e+00
4.579266976543988621e-01
6.798316467619728298e-01
7.629602744581857054e-01
-1.174969568913487361e+00
1.928878228735661837e+00
4.556171398456135835e-01
1.055481339036280497e+00
1.721987086620884178e+00
4.467504764485419333e-01
5.380052709880931427e-01
-1.397633334908680691e+00
4.106803567012951017e-01
1.725557334241666907e-01
2.227711889254248290e-01
3.690454428379947860e+00
7.386058196760633132e-01
5.876524101253736143e-01
7.302722249340479754e-01
-5.663890125648045615e-01
2.127229842432787343e-01
1.598087936103979034e+00
-2.473872536400940625e-01
2.205164718428028081e+00
-1.877821043904953635e-01
1.050365997484701941e+00
-5.039034514363743833e-01
1.619941796384658073e+00
1.056897755851174514e+00
1.410157939004114125e+00
1.965006217196028082e+00
2.636235471288297383e-01
1.182759447515334905e+00
1.316293023380782357e-01
1.950410211651473213e-01
6.429628159755914618e-01
6.756049328283719735e-01
1.263337207493780312e+00
3.041378053463370978e+00
-9.389581585095931882e-01
9.764618558008556493e-01
1.746650360020333803e+00
1.032338231885799207e+00
6.064862965042600029e-01
7.465116871470912630e-01
5.540636838563244293e-01
9.963851461680477417e-01
4.939871722591002712e-01
1.964736737144462397e-01
7.560453683722456741e-01
1.762340242123278777e+00
9.879902096940272882e-01
4.708104128911792530e-01
4.300217979281880654e-01
1.813156733908737106e+00
5.877223644351110554e-01
-5.733136329032827438e-01
7.448390610243249554e-02
1.989618169372759704e+00
3.974432421337170673e-01
6.397736834143712414e-01
8.787990772109821602e-02
-5.388509484465272559e-01
1.443052910660083565e+00
6.269712955731722159e-01
2.333477342588169412e-01
8.493204552186313094e-01
-3.136826852708882729e-01
4.471546696815800748e-01
5.601481020554491819e-01
8.207950088474740280e-01
3.173168819318520351e-01
1.965790350550290277e+00
8.007915745483947800e-01
5.210554531328515093e-01
5.170661547851100881e-01
3.819874033875803043e-02
-1.613900123808952383e-02
5.566066193416857599e-01
2.187477135674383844e-01
7.498122026540763319e-01
6.554067307242185114e-01
7.584427758980871737e-01
7.158594840943625082e-01
8.718302482639573858e-01
5.929083408253743581e-02
9.112230401342542585e-01
-4.941392100074425420e-01
9.317845650950851155e-02
1.171420639102126016e+00
7.281622185168157291e-01
8.175631893609995871e-01
6.529524515200099133e-01
1.481797061663030046e+00
-1.866545949428246587e-01
1.220325100556504783e+00
-3.505160930433551147e+00
9.658836177459318995e-01
4.623208897451912547e-01
5.638814433009883276e-01
1.927658752927807750e+00
-3.129467342057390411e-01
2.076572309866678845e-01
6.618709005336826934e-01
1.205208480213749711e+00
-9.842236114438652761e-01
4.091893233318409928e-01
2.685898360729617185e+00
4.338758128792693514e-01
1.089778393396626965e+00
7.127358688147928945e-01
5.745346346704309770e-01
6.390154433003810697e-01
-1.509685706575967901e+00
-3.352882889705465219e-01
1.679533945721037647e+00
1.170663129923052326e+00
-6.251347687721382940e+00
1.936993275137823822e-01
8.573100796814534519e-01
1.935217468338470415e-01
2.486817345600489393e-01
-1.522687364928745790e+00
4.612227807623915377e-01
2.102244270750850408e-01
4.525806812383494915e-01
-2.953450793613606518e+00
5.701186898283383542e-01
7.666601670442749761e-01
-2.359288705964394106e-01
1.966420255702899800e-01
-1.596016229946461529e+00
7.340916598686864081e-01
-4.281679682461431158e-03
2.403448705601495483e+00
3.316107848895124555e-01
1.857530043999429115e+00
5.297584072893399831e-01
-8.378569736978783711e-01
3.120564352681015396e+00
1.053218485257204851e+00
2.493581064865396879e+00
6.634914936451036249e-01
-1.194489498580052711e+00
-4.775681404581829659e-01
9.973769500221153494e-01
-1.203060588960477073e+00
-3.586685522256655156e-02
9.282407790699911398e-01
2.886584558985500149e+00
-5.154785441018387981e-01
5.444534293359913901e-01
3.269759748339606809e-01
1.473801416925621943e-01
5.608615463415655977e-01
-8.604505236240580501e-01
3.512778962126291038e+00
3.792727851912054415e-01
8.545775844324186021e-01
5.400589955787732377e-01
1.687072962661535946e+00
-1.168635541860892024e+00
