8.439202447550427921e-01
-1.157442794812067577e+00
1.050913842614435101e+00
3.268569879344795925e-01
9.737104951821267118e-01
9.760805713304877562e-01
1.326220666352916133e+00
1.635000354061733052e-02
4.572247246051766023e-01
4.783963080633308884e-01
1.440999214574874010e-01
5.757170326476616085e-01
5.621960358105206890e-01
8.597458888810000088e-01
5.689642037303879185e-01
3.274612930396870736e-01
1.285359671606097542e+00
5.610003173741557880e-01
-1.519012412641048693e-01
7.097300477260204410e-01
9.003508173762140299e-01
2.015175098513714236e+00
6.359357493658961413e-01
4.609296285878203836e-01
1.774368794357644497e+00
2.033392390315838516e-01
9.673725781995412554e-01
-8.179182901204951062e-03
8.803358351852833552e-01
2.602077040078025760e-01
5.454338075155197307e-01
1.895779291176167280e-01
8.775625268959518221e-01
-7.649003001325346274e-01
3.012684709998070254e-01
8.100841255381423522e-01
3.670208395241826294e-01
-2.225026239492056135e-02
7.490459747159565751e-01
4.157919811264303434e-01
-1.541777460602934635e+00
2.406711058443211204e+00
8.287151836284440964e-01
5.378123184641548926e-01
-1.018232855275455595e+00
7.993301951363828151e-01
4.332130775689625457e-01
5.234199727793822365e-01
-8.169912918201289731e-01
7.165087363634597972e-01
8.196461981688603071e-01
-1.460449374650291565e+00
9.941089156218593237e-01
6.491235024280149757e-01
6.415654023452799226e-01
7.908262299335004908e-01
3.281370596676982387e-01
5.531244649615408848e-01
1.052597686320778436e+00
6.548017869839021232e-01
9.918117579551026797e-01
-1.092938280559183184e+00
6.108600672970082579e-01
9.442426879341899726e-01
-3.280294325592982840e-01
6.636169277391087418e-01
6.867778402275480643e-01
3.291579498971524687e-01
7.975149004812484010e-01
6.018082911212800923e-01
4.176814936124771949e-01
9.778852526044332638e-01
7.169236832028091921e-01
8.540025898567114027e-01
7.828250393597090406e-01
4.719522093252090933e+00
8.410966781759744437e-01
1.994905233915965193e+00
-1.819301525125260888e-02
-1.350353198116844844e-01
5.507791934171548665e-01
8.434495667212336123e-01
4.814941744759465569e-01
7.822659801231356402e-01
4.199019684146044762e-01
-3.939689744640650915e-01
8.913383378068775453e-01
1.180170027206336014e+00
8.710723398364734749e-01
-7.933987955434753658e-01
4.304250515025412893e-01
-1.078697795137947280e-01
-5.059280076175347585e-01
4.884462649453965577e-01
2.729446783652167419e+00
6.316547718694027758e-01
1.489827132244523789e+00
3.593614688953339353e-01
3.088280298165426707e-01
2.119327604854852609e-01
4.280468730934107180e-01
2.831061241177940113e-01
3.358050618354933015e-01
2.263948581375123670e-01
5.128608690962754846e-02
2.594046171594935335e-01
-5.291849596823148261e-01
7.563405372532824300e-01
6.747984726267868272e-01
5.831799795270360409e-01
-1.648528780354595602e-01
1.599581771383319917e-01
1.879668968326101197e+00
2.841318285270912902e-01
-1.362911643814930240e+00
-6.762555010521834609e-01
2.711483241408001454e-01
5.272305036891501429e-01
8.449773781457037281e-01
5.489779426322716205e-02
1.529502526739933699e-01
2.868958557966156953e+00
4.234087469161332828e-01
2.415564536726755307e-03
2.142138944667595357e+00
8.526504710685738342e-01
4.585826579359006949e-01
6.034945406752029173e-01
3.575277852812298596e-01
1.581680804464081103e+00
-1.512508266097190468e+00
-2.043524723182519764e+00
1.417158329512671289e+00
3.271802728869328547e-01
5.259293068012894645e-01
8.299008384067385613e-03
2.631462277774057057e-01
1.612650769198562539e-01
1.981192909291924709e+00
2.744068857476887890e-01
8.539933808885549205e-01
9.701757525712281782e-02
8.403637621802475532e-01
9.237422520060856179e-01
9.563963993906637873e-01
-5.193822264137487599e-01
-4.210767079858568351e-01
-1.063442614196998814e+00
-7.953162508213232895e-01
2.262205634441873059e+00
9.743129079883744437e-02
2.474872238865918339e-01
6.400048460456371213e-01
3.385705744408598061e-01
8.100534166869144403e-01
5.444397642050663455e-01
-1.206588192204940846e+00
4.916691676403096567e-01
2.292525813927863698e+00
-2.394916254003293110e-02
8.057892432135782546e-02
1.942512891844235812e-01
8.484972528028710270e-01
3.455029055367401236e-01
4.263332276243371188e-01
1.047217630564513779e+00
4.870203201950480398e-01
8.302249555829830374e-01
4.475308919906285654e-01
2.319860607073552128e+00
4.903838149552266490e-01
3.659639496433144679e-01
1.058060163235738704e+00
2.402913189602520205e-01
1.338833120710543056e-01
4.076405070137401054e-01
8.180042742578612636e-01
1.819238126279886236e-01
8.785912386326419909e-01
9.457251606851042602e-01
9.002804477261727722e-02
4.373886101737883836e-01
-1.855428340770219342e-01
9.776613135763958518e-01
5.118164780095887378e-01
2.288169028320263809e-01
-2.900978529411224471e-02
9.152660097268006112e-01
4.869151738259128726e-01
-2.958495049619791484e-01
2.990564701065343556e-01
-2.716460219201416448e-01
6.203912726089468865e-01
8.702843756665363806e-01
9.053592902674847398e-01
5.796509963363116746e-01
4.723431299748658274e-01
5.341759867408798490e-01
7.423847078318326353e-01
1.621781016442244150e-01
4.060936155897161282e-01
6.203663381906489027e-01
4.348059689843475351e-02
1.540966986130770655e+00
9.123331710422366569e-02
8.511660920506050054e-01
1.382504126784737108e-01
2.270165486418168399e+00
4.794015115315053421e-01
-2.877199285907248716e-01
8.545256675634154142e-01
8.519969002522731483e-01
3.899470200030948241e+00
1.283865130134492549e+00
8.697622918656908730e-01
6.282055922437530804e-02
-4.304998553994011656e-01
8.334009798215331610e-01
1.120963385120650635e+00
-1.277877269065058607e-01
-3.274084400192774247e+00
-4.225402198676586618e-02
5.598093889735059614e-01
1.210619650346889120e-02
8.599994430037922744e-01
4.782297181405480435e-01
-2.191867847307520378e-01
-8.542282215953018731e-01
8.540184030017111683e-01
5.492805066124617497e-01
8.835510562894629549e-01
5.851704203365102330e-01
9.495204544697998239e-01
1.182056787468982462e-01
9.613102276296342508e-01
3.588127412155495133e-01
2.078238217865179482e+00
2.556525032371322226e+00
1.819200267276536165e+00
2.541283213457972145e-01
3.272698382900113279e-01
2.017875498716741600e-01
3.298372268746730951e-01
6.159924848590379032e-01
4.379002228751678771e+00
-5.443246117777410520e-01
2.274523006054002261e-01
5.054090829822739384e-01
1.061339154876381752e+00
1.507452816621053793e-01
8.192417527228605945e-01
5.813074629962398099e-01
8.531546762335571188e-01
6.306505994914016755e-01
8.786532924951669932e-01
-2.327035245180373302e-01
2.191712583774387824e-01
2.142350127769052648e+00
4.060472153204899293e-01
9.855754243647936175e-01
-1.092379646668516724e+00
4.115134667695331538e-01
7.998549907273508897e-01
8.823648680059099636e-01
9.238473652009415726e-02
