6.311738017321284477e-01
3.286528673468305239e-01
2.010720381869373075e-01
9.084486265723350495e-01
4.491252091172703853e-01
6.008399319266916061e-01
5.065883911497099934e-01
-1.439458796272435226e+00
9.642867456676745830e-01
2.856022164823439624e-01
-1.404995148360625778e+00
8.101078243158366110e-01
3.018239176377575106e-01
6.132353968808869071e-01
-1.715407355692681879e+00
3.599106272692477182e-01
2.916298458922673698e-01
6.452110886648598775e-02
5.703709981143740837e-01
1.682582129100646418e+00
1.543051339560448376e+00
5.122908327944009077e-02
6.861402630041381068e-01
3.435516681560051300e-01
-5.403974356905291154e-01
1.083662691301650050e-01
-1.870997812393975446e+00
-8.465559174161794154e-01
-9.336583085618536115e-01
3.638833469061060200e-01
3.789209831561268782e-02
2.514040986001166988e-01
4.226804960445954551e-01
9.803043045382958676e-01
6.927587907100527520e-01
-1.657253636374506289e+00
3.240764543955126364e-01
8.113152215603829376e-01
5.663622207999702285e-01
1.237182922759175741e-01
-6.037564630784045816e-01
7.132839746216992349e-01
1.832350214221367679e-01
6.028433678509511617e-01
5.476985397272445821e-01
3.533228683214585941e-01
3.196747208360130044e-01
1.136375908183533401e+00
7.044548768254381699e-01
-8.231852112648530007e-01
1.534927323142654121e-02
2.149885740454725580e-01
9.298678773380473217e-01
9.368314813206263247e-01
-1.059303810478966490e+00
6.995906552022441716e-01
5.842685698185884347e-01
4.930884634917839238e-01
2.165910827460445276e+00
1.878516570344121339e+00
1.353970341050438675e+00
-1.966595939465261011e-01
3.818299205931490747e-01
1.419720723418622654e-01
5.744281774163264576e-01
3.687720452221326939e-01
2.801640749451782542e-01
5.966010715710506895e-01
1.393318231945307462e-01
2.456757931821524910e-01
-6.384915055662326866e-01
1.173010152580457044e-01
2.349221165973063297e-01
1.079755165655607918e+00
7.427749450132407061e-01
1.176082916004905776e-02
8.845104589025812869e-01
1.858949823738318852e+00
5.473030528983882093e-01
1.269701391103597032e-01
5.309110075400145234e-01
2.516434931573408029e-02
8.400398635826136218e-01
6.861144079500056669e-01
2.360581263021507281e-01
-1.518835424356853370e+00
5.053545130524430551e-01
3.081297881278421968e-02
9.026026089061529589e-01
7.758716773525755617e-01
4.164948749040516818e-01
6.379374354632048050e-01
1.668201912103137730e-01
4.320717886131165697e-01
5.481116335954200336e-01
3.423040077941719161e-01
8.446979240370071640e-01
3.887917000977476611e-01
5.246381868015388417e-01
4.292862021791636895e-01
2.327302753270413804e-01
9.878233432486656085e-01
6.508061779873732799e-01
1.483410163129272652e+00
1.224488583026372979e-02
1.124742041665869108e+00
3.469742651032825531e-02
7.078611395212355273e-01
-1.744481304062685423e+00
1.073764472871043152e+00
4.952896384418997711e-01
4.866961226412584995e-01
-7.128271543747392025e-01
8.502077757985239126e-01
4.546296303180661358e-01
3.375213565525357895e-01
1.524175106452693607e+00
9.288375375974471382e-01
6.392283692029323561e-01
1.638420180244168911e+00
1.481622004897930056e-01
1.052435328697469030e+00
2.759938284413563370e-01
9.472377041466057968e-01
9.676380624792443319e-01
2.996794803389046802e-03
2.090982690442893865e+00
1.480630941485268082e+00
-4.831326332049933336e-01
1.369076517176166519e-01
1.733502862277565004e+00
1.478277487114590949e-01
1.568262019702769128e-01
2.467719554864497011e-01
3.396294865829943554e-03
1.408659977016756271e-01
4.593944282455678652e-01
5.775079040934510965e-01
2.330705654773970181e-01
-2.192146593248726072e-01
-6.248913769390734840e-01
-1.857943901825657385e+00
1.514511506990026568e+00
1.693692223546982678e+00
-1.135748459146928679e+00
2.287228795884277410e-03
9.257402851985189196e-01
-9.988629074471097047e-01
3.107198350970320488e-01
3.618709730192237739e-02
9.846126816220790445e-02
2.416411463776139135e-01
5.150006159659054061e-01
1.320019247998034162e+00
9.368532445866112335e-01
7.087267784926656322e-01
2.331630072482536731e-01
5.674523600724911132e-01
1.494683046555125294e-01
2.575772536479431496e-01
2.165351587066500993e+00
-2.545460153500306300e-01
1.050684037306380159e+00
-9.835495811063438287e-01
4.742712537252808391e-01
6.599375508726904593e-01
2.181469990120465940e+00
8.621676360036952813e-01
1.467434928004120787e+00
-9.948285056500466572e-01
5.227690556057259519e-01
2.856991875152295468e-01
-1.647317613933355629e-01
5.003374859323320156e-02
9.316894416150942604e-01
3.142835517296054260e-01
-8.707351249702179885e-01
6.751647885607535704e-01
1.322003450522380996e-01
4.146247143942086710e-01
3.107173852223733546e-01
4.406830489521492700e-01
2.944547171852462952e-02
2.043126515882243144e-02
4.229301319277960491e-01
9.129985588110143269e-01
4.664555697338351736e-01
1.826441214193107010e+00
9.677018250058584403e-01
4.780780269601160870e-01
1.458929324710092068e-01
-1.116246244553724010e+00
3.744071068842937944e-01
7.255405507386080144e-01
4.420371816030864709e-01
1.162010788796161265e+00
1.003126563160331886e+00
7.870205195973203338e-01
1.749149967196010902e-01
8.889868566500011005e-01
3.512866276951738254e-01
4.870311909533808770e-01
7.278087171212499484e-01
2.825872113264036312e-01
5.713612090057554882e-01
3.478555795862423583e-01
2.586592180721869472e-02
1.482957179419533089e+00
1.260263017790318463e+00
5.684555164095547175e-01
1.653082302895430011e-01
8.109350491496036817e-01
-3.280103149527449080e-01
1.039628438618432238e+00
4.543601911124568460e-01
-3.111355605450125239e+00
7.050782461096573028e-01
1.782219213131895907e+00
9.877272097783851290e-02
4.664561211813880170e-01
1.235046550642607821e-01
1.027445912954636054e+00
2.179309186282213151e+00
4.375869053176929535e-01
2.235706355918930299e+00
-4.679056509748171777e-01
1.102534059544518996e+00
3.707654002833358220e-01
6.795631754814251968e-01
3.078724945722165485e-01
6.214069426816262176e-01
7.604328173827450410e-01
8.654209547088690391e-01
-4.921330861396753242e-01
-2.922009188582106454e-01
1.467171448273286716e-01
8.930816637454233042e-01
3.670484707405332614e-01
4.038814826054157869e-01
5.448026115278373771e-01
5.913207624924745609e-01
8.105561173832346311e-01
9.378031074397052969e-03
6.802402845450528091e-03
9.522518794232071038e-02
8.995843707559939562e-01
2.146675319395305426e+00
4.165411630498871975e-01
3.114262387876259863e-01
5.024554745642531017e-01
7.923642537386378359e-01
3.477498439828304866e-01
1.483213608200531386e+00
7.815818640833804842e-03
4.274325846679216667e-01
9.318275469456482885e-02
3.543363655518841915e-01
1.886100507457793007e-01
-4.072789713428035530e-01
5.606246176809157600e-01
1.073604564155240526e-01
9.770696224883181902e-01
2.569485940873472707e-03
4.851793259965402338e-01
8.626418652398797349e-01
