2.714546702190158700e-01
5.049395551007894445e-02
4.829511348982858943e-01
-1.392363925311766559e+00
-7.122852981430917163e-01
8.538943803927110388e-01
1.331110242280694189e-01
-1.081896508212499136e-01
-6.423060215103889581e-01
-7.899360281324739885e-01
2.718355011367914464e-01
8.914697200742230931e-01
4.579489358707926616e-01
7.863723147263003144e-01
1.303199493982250878e+00
-1.552554356511665623e-01
-6.101888512595199376e-01
7.482026302907635040e-01
1.370444769424557840e+00
1.131916804851204272e+00
7.261369715463392716e-01
6.335781012312866611e-01
-7.626961350978151977e-01
-2.288661672316727458e+00
-3.760672845446231816e-01
-1.495049650811076880e+00
-1.675240069007652988e+00
6.415331558321217820e-01
-3.087162999412627062e-01
1.289194028263563219e+00
-2.616334519476981590e-01
-3.018125520203640555e-01
9.358550854260657692e-01
-3.446649994315664767e-01
2.706153392843289041e-01
-1.674708376170242818e+00
1.347585828978448974e-01
1.689828504747507565e-01
-6.564673594187632188e-01
-1.790162985197022716e-01
1.644842272964497920e-01
-5.790674398025131842e-01
-1.318364149237003513e-01
3.525125488376774641e-01
-5.647452101415708636e-01
-4.472857548636949288e-01
3.428292659167565815e-02
-3.213289433240510418e-01
-1.837162404630616752e+00
5.738280688995980316e-01
1.298033821894943651e+00
-2.303723679061745744e-01
-6.625414842542838301e-01
-9.603598681309895024e-01
3.417631589842227147e-01
9.748029897992960269e-01
-1.862312652503584354e-01
5.875180887059985313e-01
1.495474546283912742e+00
1.106555008793075112e+00
9.753241929134893740e-01
-1.875839796289723083e+00
1.644812259970895030e-01
-2.005146530938643201e-01
4.825377886320191267e-01
-1.424411060346853219e-01
-2.276253178846986136e-01
5.962793378677683220e-01
8.595275701482588682e-01
-2.462421967237345743e+00
1.588233464105916481e-01
-9.211140251024124703e-01
-9.085523659501217875e-01
-1.302721413321268562e+00
5.502416900940589883e-01
1.626559044203190529e+00
2.522306797566480907e-01
-1.699420895257111486e+00
6.878858426969977069e-01
-9.291805957326848553e-01
8.236543018855574383e-01
2.114180014024999998e+00
-1.050691937156216643e-01
3.580981443580065759e-01
-9.663125759663484526e-01
6.146139912195375948e-02
8.355922587001914092e-02
-1.225853417776435472e-01
1.096032543211147958e+00
-1.556063098165040737e+00
1.286363972354895302e-01
1.052420976768634997e+00
1.296252488098719846e+00
8.248618015922540292e-02
-8.090028181517852079e-01
-1.980522529699582757e+00
1.548550460606297641e+00
-1.722058862595418960e+00
-1.651570006839105043e+00
-2.028979621726483273e+00
1.325341655571117494e+00
1.168752750509039900e-01
-3.040093867661877614e+00
2.476643241623170955e-01
4.946180351467584502e-01
8.044030484565339867e-01
-9.414233765333228643e-01
8.204125776984598772e-01
-8.926352436960477421e-01
8.050775887651596685e-01
-6.341445573053574591e-01
2.249356108332897897e+00
-8.360736481350787841e-01
-5.957422632167681531e-01
1.684003215468417469e+00
-1.539673713737527816e+00
-1.903668199341743472e+00
1.790437211299624298e+00
3.225862308131617340e-01
1.980409102230210328e-01
9.231651958508045874e-01
-5.273850367899105551e-01
2.220302250485928219e+00
7.588405079036704137e-01
3.758498026033357808e-01
-2.618571154715291227e-01
8.733083456432911840e-01
-5.790294344519941738e-01
-1.073911686464996018e+00
1.715856617623857661e+00
1.323209474939296415e+00
1.897162939989356145e+00
-1.443821365636201115e+00
1.034422199143720134e+00
3.085694503581939419e-01
1.484507262813315742e-01
1.662542535034234326e-01
-2.651891958152364226e-01
1.757161753271875071e+00
-3.455454569866479586e-01
1.383823223827912730e-01
8.530319754869508664e-01
1.053694199091738559e+00
1.146958422089540824e-01
9.191545127545905913e-01
1.769284692955755744e+00
5.131386703435146523e-02
6.136519360793233346e-01
1.912679595830839990e-02
-2.620708136425445312e-01
-6.313058515446446917e-01
-6.787972091708578404e-01
-5.604026910216977075e-01
1.184632349177937582e+00
5.005409643910787576e-01
8.035057014309572310e-01
-4.451722391047530092e-01
1.244518166060387454e+00
-9.567416473398638876e-01
-6.487211737341845863e-01
6.641279078110132739e-01
-5.216021034960707237e-01
-1.246438761715580101e+00
7.680423649301458822e-01
1.869276334406550832e+00
2.428845855858981828e+00
-1.137497313072642680e+00
1.330993197736004108e+00
-7.938854792035195951e-01
3.133169954534003487e+00
1.903126550667391337e+00
2.522001918289946243e+00
-3.793193974576681837e-01
-5.341992626894199736e-01
-1.432773697552077508e+00
-8.742900720766548783e-01
5.194512190916250605e-01
-1.396784771906373512e+00
-7.450722671486217363e-01
1.017754180403700692e+00
4.825998732820915849e-01
-3.218886527085752514e-01
-1.171864553055967040e+00
-1.429267785776864974e+00
1.907084607073889382e+00
-2.244529968153625432e-01
6.295968970871123060e-01
1.393091286625297132e+00
-7.658203672818050256e-01
2.554897014928400600e-01
1.281910603680050276e+00
1.313539579887756048e+00
-2.461347980175663530e-01
1.788752305324349257e+00
-3.118268918239253673e-01
1.956344010207143602e-02
-9.488453426580975014e-01
-1.147911028999042848e+00
-1.650412456478744572e+00
-4.373471050455541853e-01
1.007218983591445127e+00
2.485302986265894853e-01
-1.895406499083621910e+00
6.185706536559072433e-01
-4.311281393158146735e-01
1.417613474256884443e+00
5.964302812406173659e-01
4.051033714068701941e-01
1.553806687438060441e-01
7.048012004894712579e-01
1.618343047325603301e+00
-3.926520183232572458e-01
2.730269950412645974e-01
6.289832903461910485e-01
1.258876286795382216e+00
-1.093073589389704336e+00
7.049078080712374295e-01
1.401416047179563362e+00
1.228105383651152849e+00
4.519281750512205154e-01
1.625227349285945699e+00
-1.017388276245997647e-01
1.521672771108722455e-01
7.116541309053008302e-01
-1.201810465247138193e+00
-1.453223652484156025e-01
-5.025798264787059155e-01
-6.630421356042699443e-01
-6.898015628706458818e-03
9.135757619803052121e-01
7.053049703456529262e-02
9.346404982671563388e-01
-2.828169916968322983e+00
4.672908195611445992e-01
1.546666347850728096e+00
4.269260657372157541e-01
-1.103825403289694362e+00
6.755477055204538450e-01
-1.196414586506188843e-01
1.191388387975992336e+00
-9.128976320728683369e-01
-3.935784122352420922e-01
-2.993067576196377089e-01
1.145326944018892235e+00
-3.800877403815884903e-01
3.056299996642958816e-01
2.050079124461269900e-02
-2.416627308517914852e+00
7.041605002745621178e-02
-7.911307723385964108e-01
-1.534158210373697040e+00
-8.037893383852638962e-01
-2.407663188004190435e-01
6.415676420686932113e-01
5.416331493869015468e-01
1.730593096043933743e+00
-5.174548880664828765e-01
7.447249272236874940e-02
4.544964130411204839e-01
-6.892279235698881568e-01
-6.837374007961936062e-01
-1.682242368298545676e+00
-1.007115105060013782e+00
-1.874757382846092169e+00
-2.577256113150300898e+00
