1.667840061312889421e+00
-2.188237894424212904e+00
4.307634198197285436e-01
-1.054922052267779575e+00
-1.943175815936146744e+00
-1.033443384199509874e+00
9.026666362695389134e-01
1.027487228600512115e-01
1.895868323413172352e-01
-1.627573970022875294e+00
1.927147748290924056e+00
1.230601259364099587e+00
-3.000226767971567177e-01
1.213324813651096123e+00
6.293640843436648646e-01
8.205354416874321988e-01
-3.897241979589973759e-01
4.305721474238001778e-01
2.204468817936035663e+00
8.903410975581079745e-01
-5.465430794044089380e-01
3.569411079115913932e-01
-2.522453113532715729e+00
1.326946944716032251e+00
-2.293216170508256990e+00
-1.483535303200645972e-01
-2.608041211414308336e+00
-6.501830610631671448e-01
-1.446193133517770013e+00
-2.768891994940399393e+00
-1.049211700761833788e+00
1.424718451926989538e-01
-9.356217032226012975e-01
-4.467292153452317116e+00
1.478357208793680266e-01
9.048748393194583350e-01
-1.021113319833520272e+00
1.700634285219657205e+00
3.692321594848280708e-01
-4.514699515221183845e-01
-1.236814171937784534e-01
4.411517767559935965e-01
-2.620998643714714138e+00
1.673320544050338254e+00
-1.313966106977449311e+00
1.154936924287471856e+00
-1.248056437209374092e+00
2.154149102505998059e-01
-4.421651396280036117e+00
-1.278856898728480740e+00
1.301587484193386990e+00
-9.122805827803224243e-01
-1.600090957971729955e+00
-7.901501391874614644e-01
6.910167044338770825e-01
-6.037228658071539522e-01
2.011421212838837569e+00
1.707808747950212869e+00
5.809595855183211199e+00
6.589276184783111612e-01
1.330384828189531188e+00
-7.914034427205840494e-02
3.398931627378841469e+00
1.238815140875576537e-01
2.552906254042046630e+00
-2.748692645306262783e+00
-1.522991845360478713e+00
-1.848613077249158909e+00
8.378736508649002879e-01
-2.407727753734973053e+00
-1.892843378540700394e+00
3.950448657247783157e-01
5.568580863824821314e-01
6.116070916324730655e-01
4.740897934060864571e+00
1.306111513787395539e+00
-2.794304737377567571e-01
3.268715359331639814e-01
4.836428868280391313e-01
5.381477179423597157e-01
2.178373968992698417e-01
1.298473122761569787e-01
2.102729435590597329e-01
3.528322291817385103e-01
-1.127939549188982538e+00
-5.877978900883863433e-01
9.186893188932654386e-01
-1.720557668110200167e+00
-2.447688597645632402e+00
1.493788286043369329e-01
-6.513907499107292054e-01
1.186250361024783428e+00
2.702472993193471673e+00
-4.386563488812484479e+00
8.904009931210217221e-01
3.194551783428115077e-01
-4.133047865170129120e-01
4.731594918549106854e-01
-3.087329422487337105e+00
-3.294496196502062491e-01
-1.321940198718985160e+00
1.035867328440063656e-01
7.399586420127792774e-01
-2.782514666853741048e+00
4.323796357596426887e+00
-8.644171439309451532e-01
5.385589433481009491e-01
-3.511458587335553050e-01
2.390223957504354235e+00
1.807199193679129401e+00
1.635433493729990806e+00
1.494955124981190320e+00
-4.488472877197025923e+00
-1.323339142654844647e-01
6.148649338702609768e-01
1.118832241479599920e+00
-2.067853820069293302e+00
5.070631598998436296e-01
-1.619097775318840027e+00
-7.227119110921613743e-01
3.988371920760804379e+00
9.094996300531510425e-01
-2.629312498087662320e+00
-5.916632429721733200e-01
6.265112786380558907e-01
5.898405649795923633e-01
-5.505438278870130597e-01
1.913450787543754306e+00
-8.450518962986003357e-02
1.022099987392863785e+00
1.876740701465183569e+00
3.886439280737849167e+00
1.737697126169079453e+00
3.787935744476597089e-01
-1.755989441512549432e+00
-1.225435864762364435e+00
-4.560858770800784723e-01
3.836100368331169519e-01
1.630378764648041212e+00
1.139892495371926495e+00
2.389517243296314375e-01
4.782195186226164130e-01
-9.597624526391151933e-01
1.033198395521465418e+00
1.150683175809747105e+00
1.284891868852582053e-01
4.533449401968080994e-01
-1.306536871554320856e+00
9.806097524738109916e-01
-2.779797208316619472e-01
2.698908892881296540e-01
-2.708597056799227243e+00
1.150141233343879854e+00
-2.430324720873443312e+00
1.214506651286395567e+00
1.297745441173994818e+00
2.384394899285430247e-02
1.900390289656544329e+00
-1.367851868311663610e+00
-5.035998941279215657e+00
-1.590679993364215949e+00
-9.091853668823879353e-01
-1.404291194175495860e+00
-3.468666638309660488e+00
2.534115175417003929e+00
1.134330715733212980e+00
2.728995282111945642e-02
-3.753503966877062670e+00
7.757856953846197223e-01
-3.517982024704239485e+00
-4.896676306612022245e-01
-2.444858975957333314e-01
8.894730404538051527e-01
5.004194479448093036e-01
-1.019511989134053609e+00
-2.337884597717231117e+00
-2.464348229588272154e+00
-1.965427028245255947e+00
7.961975847531574946e-01
5.922212701135290969e-01
5.139991090507570748e-01
-4.214793926297232263e-01
2.317859794831912179e+00
1.191559908431380155e+00
4.456658350097361110e-01
-8.647531774868914001e-01
-1.580417715321130734e+00
2.199855931255020991e+00
-3.782039281932018326e+00
1.194399107594788845e+00
-7.149910685636814422e-01
-2.514240977410642230e+00
1.082999908487103369e+00
-1.144586389795800407e+00
-7.432724214288926046e-01
-1.721270960635217229e-01
-2.097347926571941912e+00
-1.434489193361368375e+00
-4.796908909266452525e+00
-1.109620902995895220e+00
-1.757827933803502329e+00
1.100356176779452300e+00
1.746101476878068937e+00
-7.027339389440288020e-01
6.053732278165200320e-01
-2.621824642462466493e+00
-2.760502487286829787e+00
5.433997144269122614e-01
-3.657976698828396600e+00
1.796325517634460023e-01
7.620908322308331817e-01
-1.369421480660515389e+00
2.421358275708676899e+00
-1.235422213085392684e+00
-3.020452954900484155e+00
5.695766473741197267e-01
5.068206807992341467e-01
-1.625070209262164722e+00
-7.248487528227692822e-01
1.274141787123040492e+00
-4.480378010982580150e+00
-1.544083629058276452e+00
2.978702865088026508e-01
7.293010030081741313e-01
1.346319841163996056e+00
-4.252387200731883032e-01
-1.159887027611707921e+00
2.301928333397421422e+00
-1.629571483166075030e+00
4.331109420573424629e+00
-7.328782618426725737e-01
-2.490210200529149986e+00
-3.113582064871221355e+00
-5.536359836971475046e-01
-1.190325401042940934e-01
-3.448726001730029189e+00
1.206519280230120117e+00
3.246465326659212280e+00
3.063485881626178742e+00
-1.045275287784011464e+00
-8.143303534008308198e-01
-4.794190715202353292e-01
8.185541542532823733e-01
-8.803731577489991578e-01
1.296786361574153945e+00
3.753768833337639776e+00
-2.794879212955307501e+00
1.320785071216910023e+00
-1.555369566831118266e+00
5.222605391002166364e-02
1.904967869320057794e-01
-2.077959580421038233e+00
1.979157048792191675e-01
2.903875173100306739e+00
1.619906348740602908e-01
5.456038266992309538e+00
-1.630788076178598667e+00
5.910711605346594677e-01
2.589143460475122893e+00
-3.113497153514331650e+00
2.158786658353332832e+00
1.393336843021896865e+00
4.365600426458999372e+00
1.986468023611452693e+00
8.155588655344677695e-01
