1.266164413941590627e+00
7.118453367911088403e-01
1.129966264705169587e+00
-1.938655637133860146e-02
8.853346383054252478e-01
1.102221162045076808e+00
-1.285788091298957436e+00
-1.400243091936399509e+00
1.393057264143392260e+00
-7.680849702691510128e-01
-2.216785250385101325e+00
1.532457033370510979e+00
1.127650826716174670e+00
-9.603438219884097293e-02
8.053246535745447465e-01
2.833044447584514458e+00
-7.035848089516789639e-01
-1.931524330447008664e-01
3.341795598385991717e+00
-7.979174787580045614e-01
-1.777539947457215108e+00
1.981509631865733034e+00
-1.461455813727651210e+00
2.788206581849265175e-01
-3.583407003460727935e+00
-1.236386041672699276e+00
-1.000449494646761028e+00
-7.213163577923046299e-01
-6.174420578749435506e-01
2.146596969143361289e+00
1.242922311433334315e+00
1.209172549135357544e+00
-5.504769758240242172e-01
-5.022183475705492839e-01
2.929368699572236778e-01
2.988690059200024507e+00
-2.124620396288517288e+00
3.538215354516221350e-02
-1.277456448455049465e+00
-3.628676203911975762e-01
-3.843274615021773366e-01
-3.143098991767595773e+00
-5.486874406938717641e-01
-7.158471835401983285e-02
4.929531152911686975e-02
1.046816489922523186e+00
-8.635814145823741406e-01
-4.840560753384020032e+00
2.224886958618425226e+00
-8.153240816013324066e-01
-1.828780010360957720e+00
-2.318037648082965640e-01
1.776660558831966386e+00
2.965994270520837528e+00
-6.670444051559476506e-01
-6.198831200368712935e-01
-8.586233811355901135e-01
-1.503879204000400538e+00
-4.272313381306458435e-02
7.034801069646389182e-01
-1.260758100893782707e+00
-1.124655235796931940e-01
2.834927119325855838e+00
2.465601346696068008e-01
4.723733299948201791e-01
-7.642149627380467880e-02
-3.656177520811985993e+00
2.472960939169228656e+00
-4.719360640266368478e-01
3.411653396931334514e-01
-3.234995336956445033e+00
-7.559497233996536059e-01
-2.474976121144948138e+00
-2.155536496720760475e-01
3.070735321157641584e-01
-3.759406436156040310e-01
6.044078102180431289e-01
-4.917568872064331797e-01
-2.439979160914607093e+00
1.873787434407148123e-01
-3.732250020990449668e-01
1.053686742233029605e+00
2.325884531575406200e-01
-1.503831244787497412e-01
-1.432842147463429638e+00
-3.686576848773363557e-01
-2.001673009772514611e+00
-7.052970142234629147e-01
-2.103960171672687007e+00
-2.211479304386669398e+00
1.920168931212483887e+00
-6.664963202589051505e-01
-1.110995706703620023e+00
-8.241487410147026182e-02
1.448257528464776123e-01
-1.168946872619919253e+00
-1.956803404750430797e+00
1.533910040149060627e+00
-1.948345411866754029e+00
2.387968580705394750e+00
-6.730104280844450004e-01
2.704866909644388695e+00
6.698179202974746671e-02
9.592692888488669745e-01
-1.681024925884369914e+00
3.652135810067302923e-02
1.073808603327719435e+00
-4.762699245356413758e-01
1.022730233762494612e+00
1.355305098158780197e+00
-1.354800450882445162e-01
-9.924313468662775417e-01
-1.406811448188828306e+00
-6.895217820981821566e-01
1.019526181851642122e-01
1.733871744410271087e-01
8.498171417172845077e-02
-2.925636715616363848e+00
6.460872028701908354e-01
1.979485671992365026e+00
1.872498297433017100e+00
4.574176060759955337e-02
-9.995897780657682086e-01
2.053206484534750409e+00
-1.325550738531695805e+00
1.662200129577362073e+00
-5.239266543288974010e-01
-7.944356669333615395e-01
-1.072309368485477865e+00
7.574031875305661798e-02
1.139349152764979750e-01
2.370166707419621432e-02
-6.013241623709536521e-01
9.880477887237852919e-01
1.178549142617083323e+00
-6.721511068928427424e-01
-1.502862086166692368e+00
1.305557937423976078e+00
6.908761567864496467e-01
-4.548266121367633419e-01
2.949535739228228426e-01
3.270571181447961884e+00
-6.719273326080982267e-01
7.822861509189761309e-01
1.145995585944421968e+00
-7.369001504251290191e-01
-1.679492733748101596e+00
3.257705681662729891e+00
3.649319844199649054e+00
2.880271780381628677e+00
-6.125442655201175368e-01
7.482831507108683722e-01
3.010340692845756116e+00
4.004358457861703080e-01
1.149689007237304272e+00
-1.859459749646544147e+00
-6.779593559818897219e-02
8.265174812186808495e-01
-4.771827961817203256e-01
-1.610034561033862222e+00
-1.050710360989142167e+00
-9.533213154079411833e-01
5.531304204169371630e-01
1.386034994796912168e+00
-8.350817602951812191e-01
-3.016737082450815510e+00
-1.831204204807226121e+00
8.795371679144468047e-01
9.724270088111789390e-01
-1.198519134198957836e+00
-1.447810518186471329e+00
7.585876425869545470e-01
-2.875799389897855107e-01
-1.396621722171716984e-01
-7.361245686875421690e-01
1.491828901590164236e-03
1.774280797873784010e-04
-6.335193042295984567e-01
2.014289726290142024e+00
3.791850678975531297e-01
-4.968889569901906889e+00
1.021608043819222322e+00
-8.220182424625617212e-01
-1.674756784421146172e+00
-1.398127686565236338e+00
6.253772704787693426e-01
1.324718925693340932e+00
1.818043071859385407e+00
-2.588042246227375998e+00
-8.829823056399918046e-01
-7.837386784195761180e-01
1.289523429357562145e+00
-7.277963809167771192e-01
3.042288609366311514e-01
4.320976415941297222e-01
4.270391886851570007e-01
-4.158730513368555926e+00
-8.391784656527393471e-01
1.051011670850419355e+00
3.062970428117623989e-01
-4.882079012251159256e-01
2.148816828390777423e-01
-1.338630252689020583e+00
9.771001100688648799e-01
3.184475125172978593e+00
-1.762062281413719234e+00
2.206108504666841164e+00
-2.250659370414214155e-01
-1.426997997345415881e+00
-2.285703933613610905e-01
1.054552058042812490e+00
9.736932354774110454e-01
1.090485983795605573e+00
1.190656977468014688e+00
-1.309196765823419373e+00
9.015685628560958786e-01
1.452041850262971057e+00
-1.138602716111373869e+00
1.521104376845324957e+00
2.009299803666659834e+00
1.140427534763878370e+00
-2.069504676321210823e+00
-2.695564487860099279e-01
-4.071067599721427399e-01
-1.751876831863749207e+00
-1.960012785873157748e+00
-6.166653699391316801e-01
-7.303291934101302507e-01
1.970196447861525701e+00
-2.758398051486643521e-03
-2.251215299533546155e+00
-1.792473923917340617e+00
-7.795616551518470549e-01
2.493405710084350080e+00
1.925521474506417530e+00
-3.150468743364875923e-01
-1.992401924102912558e-01
1.471354619906754424e+00
-1.425855953838487178e+00
-1.465660307900433557e+00
8.947192365959966143e-01
8.046686586055527002e-01
-1.789513172311890887e+00
-8.492088042383387769e-01
2.740857275406460847e-02
-1.807515225378103274e+00
9.834968998802942619e-03
-6.789610076452691212e-01
-1.844018150776723264e+00
-2.417546589100932231e+00
2.076325234264828623e+00
1.173291105920034827e+00
-2.090456082363305157e+00
-3.733117086751311375e-01
-2.230645182820346850e+00
-9.159834966112575527e-01
-5.587255430922694055e-01
1.932945719396184092e-01
8.621293437470498588e-01
-8.199115686459013119e-02
-1.508254754153733224e+00
-2.512998699619605425e+00
1.588463219133338544e+00
2.912122957056691774e+00
-1.863934446320639760e+00
