-2.104790007054223866e-01
7.170842385985797263e-01
-7.888391323396271027e-01
-2.139887549464757344e-01
5.423435620725071127e-01
1.021640829914683746e+00
5.803737813590940098e-01
2.277145982034813443e+00
1.574115033023649524e+00
2.554832574680618307e-01
6.753959387209984566e-02
1.478159855972513093e+00
-3.604240678870883841e+00
-4.242273594551192462e-01
-1.130355494772999236e+00
1.666535644967407803e+00
4.820236689028376542e-01
4.260848588168594242e-01
2.039177713590913932e+00
-4.090004605309877639e-01
-3.621574296777796409e-02
9.576777207105791057e-01
4.391622323119760418e-01
-1.678562307589963609e-01
2.038577934734308039e-01
-7.629516995815270874e-01
7.487498049410974410e-01
-1.391042270015687699e-01
-1.602615808659610064e+00
2.196332950073788481e+00
3.360119071622152953e-01
-1.449910183998337709e+00
-8.129736610557919407e-01
-5.930117392914076024e-01
-1.532516581929391775e+00
-5.561621027785217386e-01
-8.011608393165809971e-01
-9.856173372299731339e-01
-1.584296379845929525e+00
-9.047443925350761029e-01
-9.388041577359724776e-01
2.924138595283355402e-01
-3.775940196086542966e-01
-9.122149930154286324e-01
1.191715904367365297e-01
5.340571365669424253e-01
-6.562852851517010366e-01
-1.100893146024116920e+00
-3.009214696247173748e+00
5.532634106152821696e-01
1.850428709514344017e-01
8.974672730412215360e-01
-1.622625050102266986e+00
-2.101095456584290755e+00
4.467597110067596522e-01
-2.017735321462499787e+00
5.244130251213873217e-01
-4.103674315625936431e-01
-1.826837350132507254e+00
-7.851125000510883467e-03
1.389002653162207057e+00
-1.242143211796720159e+00
1.380289302731378509e+00
6.295789599159209438e-01
-5.772549388806261783e-01
-5.298721490312222615e-01
3.010953030924754525e+00
-9.866487721680153311e-02
3.041036507529456534e-01
-1.757996033492539745e+00
2.454701254787563958e+00
2.411491072515985934e+00
-8.556529293016114091e-01
5.540458770588740922e-02
3.261868604096316293e-01
-1.458310838761550432e+00
-1.390782877609456847e+00
-1.417516115330582194e+00
1.800169142600457572e+00
-1.218684033495693875e-01
-1.261078070868881351e+00
1.478453395584467542e-03
3.309915628009593158e-01
9.855476722252509703e-04
-7.215526069962747702e-01
2.049338338524506753e+00
-2.053366666156696052e+00
4.672316755455077075e-01
9.133649599389227491e-01
-1.161921375459702199e+00
-1.295753857970055156e+00
2.439251757163838796e+00
1.343744670030056154e+00
1.374029434388706283e+00
-6.187947680865238942e-01
1.671052548391014358e+00
-3.914959201948668976e-01
-5.462203172012330965e-01
-5.691450432655325020e-01
-1.462123681840092004e+00
-6.400402928466092378e-01
-2.669027528671063521e-01
8.629756307609639521e-01
-1.506513871126735182e+00
4.962654394340687558e-01
4.289197471932280070e-01
6.543057562743377353e-01
-1.549387664792740427e-01
-3.151292787293751285e-01
5.722463456192857789e-01
-3.902654320857883441e-01
7.696197224567276063e-01
2.901400393233198649e+00
-4.850906765230345551e-03
1.450475920291356191e+00
2.432360666877936506e+00
-1.173935391078765766e+00
-1.586199087876983382e+00
-2.617463308644020437e+00
-4.511266661336716943e-01
-1.197970953426693852e-01
4.314092962591952185e-01
-1.235559183542486172e-01
-2.553473051770315319e-02
-2.069039463725650882e-02
-1.519141839065821120e+00
2.487684252945942198e+00
2.475364402406057707e+00
-1.082699200963583408e+00
-5.546918793452236818e-01
9.687923988430343636e-01
-8.517445369735476834e-01
5.795478568176095635e-01
1.234131513097675326e+00
2.850139850569476607e+00
-7.385132811782466611e-01
-7.836938421218413442e-01
1.071772933058904087e+00
-1.325669819325700383e+00
8.867230717561916942e-01
-3.310013201246537751e-01
-1.234506698497350508e+00
-2.336752620457378971e+00
-7.483690169606129761e-01
-1.102517203511186539e+00
1.595411224633434433e+00
-9.114194342270395821e-02
-2.866792395563417806e-01
-4.865746005987315881e-01
-7.589616054198790041e-01
1.611618678903565804e-01
-7.000811326108804522e-01
1.052232509186899145e+00
1.003801111925006762e+00
-1.509124900273179914e+00
1.206689051679936453e+00
-9.341341894254217015e-01
7.002411123213843347e-02
-5.334112055464106383e-01
-2.031767734191290975e-01
7.503827664681445020e-02
1.035216038661551208e+00
3.516045326907413227e-03
1.378561978171108038e+00
-1.070558281958074787e+00
2.729131202765377573e+00
-8.846536148759676088e-02
-4.471746722599391488e-02
8.556337109079684144e-02
-9.648170915575423612e-01
-1.619852025242898952e+00
8.223279867502795160e-01
5.980495065893628448e-01
-1.792041526961362541e+00
2.395024158317681895e+00
1.248061618127151551e+00
-2.084200085416000103e+00
-1.359534883501441138e+00
3.508731648554955784e-01
-9.288964646168752504e-01
1.490612913207657320e-01
5.923686170771189641e-01
2.015007485104311602e+00
-8.347786134997777774e-01
2.552756137557358196e-01
4.743695520654265252e-01
1.251251543722436965e-01
-1.058066533534866460e+00
-5.472970635742190337e-01
-2.071156420177668878e+00
-6.983675621259277655e-02
6.972822186138758482e-01
-2.553469185035389000e+00
-1.739062545504838520e+00
3.250625607876639345e-01
9.350124762211542429e-01
-1.069407305988847812e+00
-1.604559379871001834e+00
5.157418775042785786e-01
7.657182433194826832e-01
1.931038894180474141e+00
2.396202525242232984e+00
4.030499583236646366e-01
-6.652691278801492469e-02
9.868575759472882902e-01
-1.693710244559881728e+00
2.179232953207792534e-01
-1.078956666962220368e+00
9.624647366892397082e-01
1.078129726162985857e+00
-7.325743933615832537e-01
-1.498350133657871286e+00
9.567533887539556581e-01
1.986678313739209445e+00
-4.656547346937970344e-01
2.599845177076977709e+00
-6.939923094047864005e-01
3.893519763542833689e-01
2.010570502946813498e+00
9.818497308603036933e-01
-1.797848953947574380e+00
5.510709682084811156e-01
-5.891504058157592816e-02
-8.142149433892872379e-01
-1.426143392743181249e+00
-1.711076895227141126e+00
1.269479533746323607e+00
1.684524406676375818e+00
1.044012835120980753e+00
2.171486394324888991e+00
-2.686200424582075863e-01
-3.371995965243914095e-01
2.129715935461307552e+00
-2.525063923207441219e-01
5.327948319080089146e-02
-9.261729845527382210e-01
7.997468000094161145e-01
-9.589026408078208386e-01
-1.617028087596202424e+00
-2.294643755117338646e+00
8.922032310510941144e-01
-7.388957520236305587e-01
-1.105558225538477046e+00
2.798394868281598447e-01
-2.469555722255974750e+00
-1.339768812180394786e+00
1.254061389202106191e+00
-2.922209777882601944e+00
-5.458500122615901340e-01
-1.339965051799474338e+00
-1.137878619057923202e-01
-2.258098958438164772e+00
-1.556364098404463547e+00
-1.498435524705537647e+00
4.203285637078303161e+00
8.633745728937565200e-01
-8.363018790150693604e-01
-2.400178022317586701e-02
8.368455908659775400e-01
3.507999446368470498e-01
-2.133496718468798292e+00
9.554509564924007492e-01
1.247712274355340156e+00
-5.016473732244658423e-01
-3.048334444404227628e-01
