-1.863655138755147656e+00
-2.049701427152519351e-01
-1.874666635581230256e+00
9.960840519855609365e-01
-2.337378389220734487e+00
7.980275111025099122e-01
1.138291619961468104e+00
-1.109128216739969197e+00
8.410738362936053258e-01
2.566694587686427553e+00
6.880471800051775055e-01
7.267672188454834536e-01
5.640621552312180542e-01
-8.817465832098798639e-01
-4.460953587548600829e+00
-4.610210312616207506e-01
2.436383929409755567e+00
-7.444824580146106596e-01
3.080560046911599570e-01
-1.747239528834176436e+00
9.755873474054203021e-01
-7.317143676314527001e-01
6.801329785201415401e-02
-1.084377752135077033e+00
3.399705138332312915e-01
9.266170788364225253e-02
1.899351100695829686e+00
1.344936103703358032e-01
-6.139697392834866374e-01
5.844955154434561262e-01
3.154665080739973426e-01
-8.182689380531075196e-01
2.133273429579268521e-01
8.154015332563502305e-01
3.386260413954040427e+00
-1.960494135670880766e-01
-1.108415938007225821e+00
-1.050212830930923325e+00
1.859488591786789824e-02
9.560650351593736884e-01
-2.953893180284046238e+00
-1.969250999003162139e+00
-1.127286003320127517e+00
7.123081530277461937e-01
1.217393275209387671e+00
3.630041209112576661e-01
-7.527672602948880520e-01
-1.429527993554987830e+00
2.503980967273907954e+00
7.581698668833329879e-01
-9.419818317812407305e-01
1.097725740880087564e+00
2.761594148833354190e+00
-7.381035981765864395e-01
-3.131062417445047430e+00
-4.006433470869439906e-01
2.591625030811312236e+00
5.831231717405823689e-01
2.345890317919459456e+00
2.679858138447429372e+00
1.214108159210154358e+00
2.542679916068255164e+00
-3.815476051009885627e-01
3.444327928100948122e-01
-2.099456593941519067e+00
2.202141617606181434e+00
1.141457854432428864e-01
4.010419226181256569e+00
2.255841188745105086e+00
1.772371459362024559e+00
3.631998775760864273e+00
1.754828753695521604e+00
7.084367368903099482e-01
-2.139941466934283554e+00
-1.312762728572906878e+00
1.956871377411584234e-02
-1.017304173847460413e+00
4.396255621036225802e-01
-9.217207676734423538e-01
-3.669187889197846442e+00
1.688951326678116427e-01
-1.796683204018754143e-01
-4.801897531390693086e-01
4.994508724475159589e-01
-1.450046364482898476e+00
3.532501379253912610e+00
1.471333435779106580e+00
2.724192118041564026e-01
-3.441585669059752384e-01
-4.364010432061327105e-02
-4.249004837594063666e+00
2.012654646418852167e+00
-7.115468465372901674e-01
2.675000378021970882e+00
1.733750972301930648e-01
-3.585645128814229921e-01
-9.781368538932835310e-01
1.751834599658884217e+00
7.568254764315174299e-02
2.815321419742682907e-01
8.786053691331082716e-01
-2.911205986050191541e-02
8.985542091892166905e-01
2.261846543963638378e+00
3.279740045008891491e-01
8.555178220853512094e-01
-8.529658090482558075e-01
-2.258244649843994534e+00
1.075963483824985634e+00
-1.488455630314885481e-01
-6.533765953242479663e-01
-1.090740050630639502e+00
-2.292984372186673836e-01
-8.215367093265468768e-02
-7.747547144445900980e-01
7.175979271518302394e-01
-6.406398456745017178e-01
2.853920580313888400e-01
-2.111474790399807677e+00
-4.050618391806530383e+00
4.886174153151848221e-01
-1.760422252050781733e-01
8.561536550119575040e-01
-1.398556502486219433e+00
9.778580762324357023e-01
4.231514735666106475e-01
-8.109936015419856314e-01
1.011320344239519109e+00
-5.071845237236800585e-01
-1.940210336055014473e+00
-2.519960906069441009e+00
2.519170083435058327e+00
-1.508278875229156268e+00
-2.799496177979629685e+00
-5.712932433539175126e-02
1.192519786477927779e+00
5.484630041798399525e-01
7.451125522759961539e-01
2.722500948629897888e-01
1.013487660925396883e+00
-1.111668846260464250e+00
-1.874877943576673367e+00
1.995968484154588829e+00
-3.308481130366605627e-01
8.995731847718302365e-01
-5.891422971405693154e-01
5.549601179487553271e-01
-9.665524971976813262e-04
-7.991920673992960467e-01
2.339033239779363171e+00
2.506984584119319237e+00
-5.865966764067407357e-01
1.201389023058975658e+00
-1.820490283056603653e+00
-1.556261740326435827e+00
-7.141912238369944044e-01
4.945368380969399347e-01
-1.781452884865742714e+00
-7.302418489413382563e-01
-3.977719052123975807e-01
6.802795575011056251e+00
1.048267789280358242e+00
5.425658950943063052e-01
-2.837653891351114011e-01
-3.173065609815350907e+00
1.149029824092016039e+00
6.837963924788267311e-01
-1.717704189186690655e-01
-1.334037763082218664e+00
-1.844511661902408006e+00
-2.106405442755314272e+00
-1.216225731101095775e+00
1.311861644708082419e+00
2.175585072698269951e+00
6.050009756063603472e-01
-9.727941651042344429e-01
-3.291424745434095911e+00
2.463436283762325374e+00
-2.227872330863350570e+00
-4.218163614707941544e-01
1.065768046603380537e+00
-5.628790882430683151e-01
1.442847682847148372e+00
-4.023763468020832512e+00
-2.633856101298739372e+00
-6.005438050490983226e-01
1.558112809804749643e+00
3.563784531590723059e+00
-2.683827911266323252e-02
7.890286165123784612e-02
1.817828671463876944e-01
-2.441275928237995885e+00
-8.188811453509242666e-01
2.730374459045922908e+00
1.262255173431780619e+00
-9.336566361550116544e-02
2.408238080992846364e-01
-1.215457600065158017e+00
-4.514476497965728696e-01
1.319675924186388016e+00
-1.514992446988116637e+00
-3.667723803261536131e-01
1.820664962911506368e+00
-6.215373351742465857e-01
-9.352040105488658162e-01
2.325122716530071687e-01
-1.476557533489611718e+00
-1.008992413724985049e+00
-9.436690927538490259e-01
8.996371068470532251e-01
-1.587257302841627027e+00
1.244240118980512566e+00
5.515756653946191079e-01
8.367258333293295935e-01
6.456645616126500675e-01
4.035971603268738717e-01
-3.543071386424906599e+00
4.887196292312896984e-01
8.007402868701768428e-01
-6.532021739758548939e-01
4.979788786855738891e+00
-9.314613744041999599e-01
9.606977879809992515e-01
2.101029020175379181e+00
-4.325640897923258565e-01
8.956246252052708912e-02
-1.875746264396150220e+00
-4.133153067042864559e-01
6.227841425392910413e-01
2.883286529480016958e-01
7.060299590238106049e-01
-1.901897406491817044e-01
6.025732711407525422e-01
1.164801026953440344e-01
2.171244733542722738e+00
-8.256342223242100209e-01
1.789495977561242346e-01
2.556579816791511472e+00
-1.184843603456783079e+00
5.558075342425715659e-01
-8.440584150278619413e-01
-4.131819056882753749e+00
4.125512396887883959e+00
-1.970926526109485488e-01
-6.419359346603545902e-01
-2.872641651206591984e+00
-4.264004045311957092e-01
-1.634594149120856876e+00
1.898573126238835229e+00
2.019386460880273626e-01
-1.213907206878309442e+00
1.961509426927454669e-02
1.220944819662320935e+00
1.645550395310729774e-02
-1.865499818609104299e+00
-2.225283836028292495e+00
-1.739767980495861011e-01
-1.395177424675630551e+00
1.723779435092724910e-01
3.724790306728423595e+00
2.271169873827121766e+00
1.502460526293100118e-01
-2.392834043711871139e-01
1.923232769490142768e+00
-1.363846892123430354e+00
