1.679339569663526266e+00
-1.780414471698769319e+00
5.145402089268658052e-02
-2.629809064949930608e-01
-3.715605498719374289e-01
-1.201978098865500444e-01
2.455055615193530105e+00
1.274302299284076900e-01
-9.266186002762066831e-01
3.389536584284646992e+00
-4.022286010344013063e-02
1.031256531581099811e-01
-1.033059898147244748e+00
-2.174732089784562117e+00
2.400421505630803587e+00
-3.650315068580427091e+00
-1.379723634144775612e+00
-9.933135408525135546e-01
-4.730686636920151678e-01
-2.285806555161211673e-01
1.706238174350837855e-01
-1.136970265114692458e+00
3.482356998481827226e+00
1.539555044654793647e+00
-6.461861952797165465e-01
-1.464053831393102634e+00
6.891781902272021698e-01
9.553204361539964218e-01
3.858072613184186928e+00
1.280948139466459246e+00
2.167072662326060828e-01
-1.611786096108867472e+00
-1.255112212766846369e+00
-4.837979773303034414e-01
-1.017978888467220067e+00
-3.168235682608683934e+00
5.933601272442698971e-01
-3.520880941584079160e+00
1.605319499546659534e+00
-1.533456023761260667e+00
-8.084546430551200480e-01
-1.430268123606815711e-01
-2.067172866209852078e+00
-1.688934015874714367e+00
2.444839804409873196e-01
-2.166462980532791960e+00
-1.864186604383346824e+00
-9.106996902307818997e-01
-8.334553198255634232e-01
-8.432894669952777367e-01
-1.626098363380059864e+00
1.178445871169004233e+00
8.397909505687084497e-01
-9.462715365799212464e-02
-6.466101119688478782e-01
4.724530224659863054e-01
1.705622420633038594e+00
1.503388648940378047e+00
1.074480080482210331e+00
7.604805074319886948e-01
-3.412849243510895025e+00
6.903163135886962731e-01
9.675904393038081697e-01
1.500869223859981449e+00
1.637038281682366314e+00
-1.944341597927266574e-01
-4.296554253034972959e+00
-5.250253743941689644e-01
3.172304427699359053e+00
1.012877824177670583e+00
1.676000180940237394e+00
5.269405534887565690e-01
9.858193027950619136e-01
-1.993200868850367513e+00
1.116152321319824336e+00
-3.658300077181811272e+00
5.416640207247387373e-01
-1.215623251169134500e+00
-1.893844993724799752e-01
2.401443835074199840e-01
1.892278851024514985e+00
-1.239942875439812298e+00
-1.857153652027726753e+00
7.208310579775846147e-03
6.347197856343457234e-01
2.780516001432714601e-01
1.184764972321249665e+00
-8.402002925595525307e-01
-1.037404190358687472e+00
-1.675610395571863531e+00
5.844542093200533195e-01
5.877684615941869417e-01
2.699064172963944741e-01
1.122355558767282435e+00
-2.215608337980367271e+00
2.798238965232258679e-01
-2.472714262742440050e-01
2.278288760557495574e-01
5.111052342408155535e-01
3.409013245739267006e+00
1.883059364092653176e+00
-3.661335546126212592e-01
-3.064266029225534149e-01
-1.447910501079921364e+00
-1.842880168265149665e-01
6.309441158368200853e-01
9.700527206111031475e-03
3.329839627010979797e-01
-1.862080078943795680e+00
2.909243241661143564e+00
1.683083315821451542e+00
1.962091520011352008e+00
1.012094124268831052e+00
-1.288543422242035330e+00
-7.871314676716462122e-02
-2.949643653113143582e+00
1.689846897599611264e+00
-1.813818633401887315e+00
6.759388672250783436e-01
6.822697830898194482e-02
-9.369285743683498646e-01
-1.890090094469082826e+00
8.333288623616025292e-02
1.555834193047741731e+00
-1.203739868400010682e+00
-2.728659792436763265e+00
-9.837612481748727600e-01
-1.912975929495681404e+00
-1.039676471245271072e-01
-8.504413046105122054e-02
-1.599992745895424839e+00
-4.076776293231672010e-01
2.062454627111628636e+00
-2.166184199206666605e+00
-1.440317465870541991e-01
-2.402461340315839688e+00
-2.531227384320329676e+00
-5.704115993648577465e-01
-1.851036597513661563e+00
-1.488716865689832414e+00
-1.986556986407412850e-01
2.122353460743962028e+00
5.389086357766227353e-01
1.151220707093452145e+00
2.847752186406389274e-01
-5.991635367013101732e-01
7.105892094966190786e-01
-1.879922113524997496e+00
-1.511580799258982033e+00
-1.585550565904064957e+00
-1.046010405617312733e+00
1.489545928743222669e+00
7.683740088000472479e-01
4.545445289597190297e-01
-1.557159839529080880e+00
2.186439034301685513e+00
-1.531171357794952170e+00
-2.076404071896432946e+00
9.963040597840087109e-01
1.788618917587414092e+00
-9.787172454187431647e-02
-3.744598446630207800e+00
-3.117705145893824970e+00
-1.676484915146417620e+00
2.059268448105071148e+00
3.036352181944399486e-01
-5.473729504389790446e-01
-1.675946999752459643e+00
1.423010526575221091e+00
-1.644077952093453421e+00
6.585002315263553951e-01
-7.005308867850648102e-01
2.488550021297783577e+00
-1.413771161337867621e+00
7.583903530476567845e-01
3.008802698912049767e-02
1.917544784307002037e-01
1.860638332473791623e+00
2.127269580195251475e+00
1.264552990100891394e+00
-2.187623781862800598e+00
1.474205092286992258e+00
1.401515206319578599e+00
-2.407592456097369382e-01
4.655955661749829888e-01
-1.295975156965895492e+00
1.091042536964268450e-01
-1.842771023096477112e+00
1.915813507699521079e+00
-2.357467437648991915e+00
-1.213211353077608967e+00
-1.130785165454343932e+00
1.146864675038808956e-01
2.232151739272443702e+00
-1.097361507642172773e-01
-2.653770034090816132e+00
-1.886767619891523751e+00
-9.731067188204142182e-01
1.305098706016596388e-01
1.909712657834521821e+00
3.054887778180653157e+00
2.479065947331365524e-02
-1.848241531989030184e+00
-7.745210779166027404e-01
1.646682804310206638e-01
1.839751044904099464e+00
1.455630941203149398e+00
1.075859473737057037e+00
-1.118995922438296819e+00
2.321343409965302307e+00
-3.402397371343596433e+00
-8.039686715354708024e-01
2.611384793465553855e+00
9.323311225105380684e-01
-1.456364886874370601e+00
-2.923725061292288818e-01
9.943697198539118709e-01
1.212725567752448219e+00
-1.475723899174249398e+00
-2.591673821985857273e+00
-1.185025533251489849e+00
6.286956490880634130e-01
-4.030445366337108704e-01
4.206624422685226183e-02
-2.487355882041723254e-01
-4.448347623182302701e-02
-1.450863977342533584e+00
-1.263246585202651096e+00
2.435884291181124262e+00
-8.543141522293400403e-01
-3.233243950533184474e-01
-4.609977720526589606e-01
1.402214797243457101e+00
1.135135630613350877e+00
9.766227974192548400e-02
2.193765740969715328e+00
9.188932157982515614e-01
1.111061038096148090e+00
-1.432460706914730819e+00
-1.838389751291362728e+00
9.263835505448039243e-01
-4.380167479312782053e-01
1.191731410091110499e+00
-2.109803831056516810e+00
7.460841442412226021e-01
1.854941013157177965e+00
-1.784966695068285203e-02
-7.418470531679571822e-01
6.066537962307497756e-01
7.788377888921212966e-01
-2.989115941143581701e+00
-1.329135894936147144e+00
-2.034661563670344009e+00
1.004125289844743918e+00
-1.325866089720314278e+00
-2.464938232770739646e+00
-1.774819435296001391e+00
-6.667367741978131868e-01
5.492940057493360673e-01
1.611681644167628769e-01
1.465682435508515846e+00
1.079689831308825898e+00
6.711501048291759752e-02
2.718490951301311576e+00
-1.077349314982717132e+00
