-2.823495643625328344e-01
1.865631797628425792e+00
6.368500164276671427e-01
-3.431408467614596169e+00
6.558784067609192414e-01
-3.858569635617703497e-02
1.259686521881989707e+00
-2.523067070977886850e+00
8.900378287043645420e-01
-8.923218820964988751e-01
-3.159821146573425388e+00
2.784114685329399652e-01
-9.775552370498004073e-01
-5.181359448040382398e-01
7.013514770184647862e-02
1.071176199996694223e+00
-4.068767034350163625e-01
9.924619205467475336e-01
3.219969339063276648e-01
-1.379938617604805851e+00
3.105793769631036483e+00
1.407852551929414053e+00
-1.322083855741758907e+00
-2.053821788167675244e+00
7.743033590668277899e-01
-1.150343379747229333e+00
9.128455018424960210e-01
-2.455713146452623619e+00
-2.746727181787981031e+00
-3.009386827003088793e-01
-4.846492251058208689e-01
6.667398467582862365e-01
2.988675106057180064e-02
3.335556917429822188e-01
-5.645181711351976439e-02
2.542929798832467281e+00
4.879859212636604049e+00
1.220522785183144610e-01
1.000095851237396527e+00
-6.902885188643827163e+00
-1.264852154699356857e-01
1.554851691227372434e-01
2.829218030961956898e-01
-3.801657939043759371e-02
2.930190331506019152e+00
-8.920397874479817357e-01
-3.045973514108080593e+00
-2.544274869055772825e+00
1.955653818799083510e+00
-1.181534107463468874e+00
3.885632659356619834e-01
-8.338572531639378838e-01
5.855953194444855070e-01
3.288533081769255961e+00
7.712965412636377804e-01
1.747322384542316698e+00
1.450995113796266223e+00
9.252254597854476792e-01
3.478108831022347136e+00
-2.159173079209843582e+00
-9.296574669690071957e-02
4.644803611011237843e-01
-1.534868475777313446e-01
3.598682305826629513e+00
2.009843049027618012e+00
5.231260219533575118e+00
-1.692726370372294120e+00
3.103990919308100560e-01
8.743764822928692393e-01
1.048790365442853423e+00
1.579453988909766071e+00
-4.535931764883835982e-01
-8.686426622848846257e-01
-4.202929830514029463e-01
-1.338125405932701018e+00
1.095262715108814344e+00
7.972191781334625471e-01
-1.180537624598047675e+00
1.250249774804036207e+00
-1.222636670644922985e+00
2.506000143298102500e+00
-2.082391022854712392e-01
-1.785395144816713797e-01
1.261836325465198749e-02
-1.282242960402276477e+00
-1.560986293088096222e+00
2.621219201753663963e+00
-2.041326193795061084e+00
1.594138102344773600e+00
-1.691867984661501012e+00
9.001971537258242340e-02
-1.393076601642504464e+00
3.041785242466582773e+00
4.761961074816129624e+00
-9.674367239975982802e-01
1.528651525594579175e+00
1.019966758753518166e+00
1.610899672913161496e+00
7.369675161093041105e-01
-1.465467157971264811e+00
-4.510228118846051348e-01
1.413368144687218830e+00
-6.887565546139562400e-03
5.299813000325503953e-01
-2.877235541739139091e+00
9.369900560792826516e-01
-2.354370134678524629e+00
-3.377951033175467632e+00
-2.874951298160055124e+00
-2.893969159388941614e-01
-1.739464355567531983e+00
-5.870558778709578096e-01
-3.159975602313875864e+00
1.272466501232120573e+00
1.778820987091817685e+00
5.535798294664885377e-01
-1.638475443008006627e+00
1.243817110108773605e+00
7.850170632400971238e-01
1.401190631761377592e+00
-8.175030383184250793e-01
3.064834467463634304e+00
-4.630487246034181936e+00
-2.351271646547997696e-01
-1.837507410947344377e+00
-2.330398084058343811e-02
-3.146357296497554579e+00
-1.311556126652180465e+00
1.751301082465562153e+00
6.609740503287131475e-01
-3.244965901092867755e-01
1.768328664935360894e+00
-5.658225223740857013e-01
1.733340084245003521e+00
1.258243477486496342e+00
7.801704180518562737e-01
1.115450885597134567e-01
-1.345179524465701215e+00
8.104147507956600549e-01
8.953772775067967427e-01
-1.684243617641403956e+00
1.497842236601221844e+00
5.039940205232958936e-01
-4.054936352871038596e-01
-1.045467489702728292e-01
-1.113392892450248972e-02
2.356133260554969855e+00
-2.303536386944577963e+00
8.220129820762318573e-01
3.936991782140303320e-01
-1.252731856673784838e+00
-1.457504717970540264e-01
-5.702803036503489853e-01
7.155939386457585982e-01
2.359419992974463476e+00
5.680126542032306602e-01
1.822522702259916638e+00
3.563703916625084123e+00
-2.051177027460512559e+00
-4.868739971326894178e-01
1.589501058912700326e+00
7.548174161310372554e-02
-1.710322583867378565e+00
-1.016226189210418962e+00
3.020911431960612514e+00
1.312408995654014809e+00
6.067048373439275499e-01
1.745625745131732076e+00
-1.845269270032935616e+00
4.984040772366719052e-01
-1.568624416821699619e+00
7.742282662685160410e-01
-9.960059713458957464e-02
2.462522002165872248e-01
1.031170256190504064e+00
1.308477955173189766e+00
6.020463637116348909e-01
7.273599582911203232e-01
2.442867644203305488e+00
-1.985004771805177093e+00
-2.660093253901343324e-01
1.564237077190155922e-01
-8.155306008489999758e-01
9.322292837537263788e-01
1.128716113693708778e-01
1.392788162223085879e-01
1.358165927965390152e+00
4.410313482709449229e-02
8.107806032656068584e-01
-1.410269019002787783e+00
2.576500590384439349e+00
9.010503986010318656e-01
-1.504261105873630378e+00
-3.144645250026541383e+00
1.383984050678390698e+00
8.229643893095105467e-01
-1.956541705428724409e+00
-2.936722517714484226e+00
-1.682922089435089585e+00
3.629338491971312308e-02
-1.208127656584984111e-01
2.527113393043260547e+00
2.146102400610300220e-02
1.695112627280596085e+00
-1.909903946393985696e-01
4.809848979231712840e-01
8.853869058410976933e-01
7.820148841262513084e-01
5.867705878248419271e-01
4.375908829194564142e-01
-7.856018788709572265e-01
1.938956071598978648e+00
-2.918254386567263325e-01
3.587545443050437211e+00
-8.471524712854874295e-01
3.327656708164644650e-01
-9.164944128426202319e-01
-1.272220886001445450e+00
-1.127688754537136351e+00
-1.751385885574097800e+00
-1.877545776403164002e+00
5.170099094680893348e-01
1.572903582212240359e+00
5.224894767263763562e+00
-1.218184318904226959e+00
-3.882119281081488626e-01
1.542563077126100080e+00
2.976755488368509450e+00
-1.251619320766849786e+00
-9.540392153216599169e-01
-1.495104340190880787e+00
-3.089344763445575626e-01
2.122527959449418855e+00
1.707153856562847238e+00
-5.221301859235805143e-01
1.361549767814103751e+00
1.305253209685413474e+00
-3.829337402939643198e-01
-1.292745112703680643e+00
-2.526132431062604766e+00
-9.330348304242457036e-02
-1.760107691618473913e+00
-2.791653515714487277e-02
-1.260307855776808816e-01
-2.120562894472215465e+00
-4.108607018551757584e-03
1.611024834033914832e+00
9.292450720392577690e-01
1.878577400343563575e+00
1.854692983413284146e+00
-1.562808024792288197e+00
-3.107279062646196799e+00
8.930196690709246710e-01
5.189497848017478043e-01
-1.087493434541077164e+00
1.752550369665825336e+00
-2.755815803314987988e+00
4.189476586229844424e-01
-1.520652374900154591e+00
2.144909677882128385e+00
-2.200637398063781003e+00
-4.695446979469988236e+00
-2.602752062657946119e+00
4.357654669112679402e-01
2.886217809991267758e-01
