-7.957479212402315261e-01
-1.972546809643313193e+00
1.044269144302263808e+00
4.921789630300670848e-01
-1.999072405653824713e+00
1.915146522424672204e+00
-1.923987725716722608e-01
5.499864560986733597e-01
6.434782284514912742e-01
2.814444882652363811e-01
5.934792375286257471e-01
1.951201314122012587e+00
-6.599407285940397383e-01
1.220637933688417442e+00
7.478765147926498269e-01
1.149936212056692497e+00
1.619105927865931882e+00
-1.779345014415302684e+00
6.752460524367531747e-02
1.568577422089266982e+00
-2.177249701355032929e+00
-2.238003351825343046e+00
-1.077852191064729626e+00
1.750477528298027163e+00
2.246844676785191286e-01
-6.393045118244088387e-01
1.560337469758846130e+00
7.595986740254222214e-02
-6.025151953778041802e-01
-1.767390820088186487e+00
2.482526163105069461e+00
9.690367922707036064e-01
-8.377413535451938564e-01
-2.086232845968005289e+00
-3.853356810593343562e-01
-2.581750163512439133e+00
7.607692178287872586e-01
1.649303996200570444e+00
9.047263835424173006e-01
-1.776415486930040255e-01
1.867487167369645151e+00
1.942501939197004868e+00
-1.430445905201557011e+00
-5.506209979113643183e-01
-3.778486583248121367e+00
-3.921304704253003592e-04
1.195489774802050764e+00
6.853431857996302723e-01
2.479593469645465564e+00
-6.434528888641470878e-01
-5.804836454861794781e-01
-1.677978643805916104e+00
-6.809051827466459095e-01
8.390252878615895860e-01
-7.602992825484333750e-02
-1.420574194385031130e-01
-4.168516767737884265e-02
2.082285183023790953e+00
1.301068415057477168e+00
2.040308554947772857e-01
3.131985357527775626e+00
3.752112025401663775e-01
-1.460498925724786679e+00
-1.298992029176343266e+00
8.815428961171770661e-01
-1.414853134597476192e+00
-1.199652559047671430e+00
2.159529789784588871e-01
-5.325855513290860266e-01
1.427414598200101303e-01
2.215687083626033171e+00
1.031847893285277706e+00
-4.543887192195689151e-01
-6.008992635116855441e-02
-6.227833675366588606e-01
-8.142997721924216670e-02
8.726038268565550204e-03
-7.561937573957475678e-01
5.874815000353594829e-01
3.695354284993899174e-01
-1.053904309061161726e+00
-7.264748885365788222e-01
1.896252865395158249e-01
1.795838480193837072e-01
1.293018202478807277e+00
2.792563115639984161e+00
-4.530348804233024218e-01
-3.293277186691233593e-01
1.161048976430282265e+00
-9.765955156564666562e-02
2.504851209661113076e-01
-6.727782872949515935e-01
-5.489877545735956099e-01
-1.053731910314194276e-02
-1.617256583608871257e+00
1.026140486235496363e+00
1.637385361426285935e-01
1.062951197568933637e+00
-1.725237821004735661e+00
-3.486509115923570046e-01
3.357475386556111108e+00
1.140748413769549607e+00
2.904005584284962138e-01
-2.763585127572301126e+00
-6.192159138622534975e-01
-5.479524541378177904e-01
-1.914071895031467019e+00
-1.510298948291291854e+00
-3.970826764772210637e-01
3.564035798884482298e-01
-9.278935370309526753e-01
-6.906078029020401576e-02
-1.479765857884215663e+00
3.906317964225824446e-01
1.817599906043235958e+00
-1.766731336719015832e+00
-8.606683699296764356e-01
-6.616332249149758926e-02
-6.701213680226383307e-01
9.754335039061230450e-01
1.386827494234425640e+00
1.429654272304746176e-01
3.449288326648480285e-01
5.664840833345793358e-01
-9.493081816003932083e-01
1.794693546618597590e+00
3.431194036576950879e+00
1.510441004746544968e-01
-3.796652859370018285e-01
5.208050856733984491e-01
-7.756106061615469782e-01
4.545851219065316640e-01
-1.095366595163633994e+00
-4.796060061542883890e-01
3.010524867331238585e+00
6.892698453516751256e-01
6.329980522643419150e-01
-1.393210552070405783e-01
-1.573914322778979802e-03
-1.380223581377380548e-01
7.079436789748156933e-01
-1.331181827989419419e+00
1.034922693579329422e+00
-1.976511401180707783e-01
1.204352055054872528e+00
1.357041496017976079e-01
-1.223501215419931176e+00
5.349584620206266905e-01
9.809586729408554806e-01
3.921135282615954010e-01
-8.105973216646770174e-01
-9.211852471703906309e-01
-2.842584958243715043e+00
-2.188824562876872548e+00
9.922271666393777112e-01
-4.514553242697267876e+00
-1.704656433839024210e+00
1.221317265731235668e+00
-1.094994906941601620e+00
-2.440650944225475794e+00
-5.616753630281307030e-01
-6.731818241629154986e-01
1.468871743586759315e+00
-2.335650015831990611e+00
-3.139072173042747882e-01
-5.997075188592071449e-01
-1.702622746674288923e+00
-6.227898014626803702e-02
1.126315947587751554e+00
-1.076694585983111185e-01
-3.062297379359413707e+00
5.820033383162673268e-02
-3.132867960813434660e-01
6.453927600278499543e-01
2.917120004830584090e+00
-2.394309748851950470e-01
-2.205897012007578262e+00
5.198921992069220899e-01
-2.630759253901390871e+00
-1.664654616966554590e+00
-2.388172400782181404e-01
6.163571908809196281e-02
1.236829220920347083e+00
-3.490150788705750351e-01
1.572867313069457929e+00
-2.185621932241003762e+00
5.032241238678145656e-01
-7.237338319628805472e-01
-1.183472702755872658e-01
-5.795814903179329347e-01
6.667235800444304417e-01
6.667198786806440361e-03
-1.744227476254581299e+00
2.097119761474327271e-01
-4.188458332289839436e-01
-5.338303254283268684e-01
-2.098074987006939285e-01
-3.120687317709029962e-01
3.555712226232475182e+00
-2.021327430890252685e+00
3.891974787184505069e-01
7.864581919691574496e-01
4.094921928004420231e-01
1.594438180612546496e+00
-1.448954817785522931e+00
3.070924253011556027e-01
1.570701914588027881e+00
3.258343391335840611e-01
-1.365853927257599132e+00
-8.012489337409223200e-01
-6.098689921838990058e-01
-3.382658400146447697e-01
9.776851174745242457e-01
2.173336234174154225e+00
-2.200478306152931385e+00
-7.233865392505771652e-01
1.571995726780370806e-01
5.966551866562415096e-01
3.809354491127986964e-01
-1.120305348619540009e+00
-1.303873684571835168e-01
9.548731298207289164e-01
-9.691478702842748483e-02
-2.274882823680157706e+00
8.913025433793684282e-01
-1.150714998636467090e+00
3.317141777654817325e-01
-2.471956050765899415e-01
1.119705419825984816e+00
1.221782022096739917e+00
2.044588505906051457e-01
2.454737912026679902e-01
-1.547727240617225108e+00
1.853206187711017527e+00
-1.273912057146279420e+00
-1.427540707719543001e+00
3.385338440479818828e-02
9.676655149333207584e-01
-6.025084162603219218e-01
-1.749397723676468397e+00
2.306776442789975068e+00
-3.786088440816438583e-01
-1.873609211349706316e-01
3.535252259880975467e-01
-4.178580958273514057e+00
-6.544953908900089656e-01
2.731687496667005166e-01
4.929814140757475815e-01
3.435087335693058908e+00
-1.904246021434657266e+00
-1.880946426777608260e-01
-3.218800198105054577e-01
1.042744178286871382e+00
1.581480170365322957e+00
-2.144389199733050866e+00
-3.740621576592470521e-01
2.105302877941637729e-01
9.084686638452533769e-01
1.824344819217178504e-01
2.022818884551405016e-01
8.936104475308097594e-01
1.728727254404940350e+00
1.134346015810056230e+00
-4.141128053166405754e-01
-1.092631008223351463e+00
