-9.888948782217581446e-01
-2.432903606934190277e-01
-7.927132384850632540e-01
-2.089667645334463975e-01
-2.816208833966160618e-02
-2.658682665304707982e+00
-3.814069012481843823e-01
-2.142916581762183359e+00
1.587660080337335577e-01
-6.509568490360858606e-01
-1.703573278953174341e+00
-2.429005997842286213e+00
-3.835543665870170260e-01
-2.576893657111528624e-01
1.633425557283470497e-01
-2.636524221416816083e+00
-9.765901111996624362e-01
7.422535308266628995e-01
1.250779094407056258e+00
3.334077411300214733e-01
2.659872078388983763e+00
-7.062386096950598047e-01
1.902894933446571679e+00
1.772996705379367821e+00
1.003412804397194602e+00
-7.091462536238813952e-01
1.030203192794989953e+00
1.124025204866142547e-01
2.534179911164209376e-01
-1.183444170946187146e+00
-1.080031951384694766e+00
-1.965687000273550478e+00
-1.918684726996589540e-01
-2.579175174529954595e-02
5.856021633252779246e-01
2.382215374353542359e-01
-1.279293250035610452e+00
-7.443011538895945023e-01
2.435407402167446111e+00
-7.699999561207881982e-01
-3.734782863648705931e+00
-1.624076910163394283e+00
-1.223592816413737072e+00
-4.630681801946208154e-01
1.714810230846302463e+00
1.297935241555836061e+00
8.406659969292959445e-02
-2.810152363023712851e+00
2.192473068105973422e-01
-3.390310556819703391e-01
1.494476738631262513e+00
3.562514713135230271e-01
1.244291821539200704e-02
1.399677861754544672e-03
-5.513849411021699565e-01
1.722169649290247184e+00
1.825414970444539042e+00
-1.299969775420616980e+00
3.356650423145704498e-01
-1.571698422757135338e+00
-1.606957947186260283e+00
-5.047369954805136505e-02
-1.802781468430275646e-01
6.338502810887693073e+00
4.529240244221788281e+00
-2.055098355812820188e+00
-1.990746946814990093e+00
-1.082307332046117621e+00
-1.025058818995522869e-01
-2.506130612341797015e-01
-3.304425865683967345e+00
4.652719163237201139e-01
2.432905818069712109e-02
3.337944716922434107e+00
-4.242777097766884609e+00
2.297967025901105131e+00
1.190999005958863766e+00
3.102285270376146986e+00
4.046320499621915978e-01
-5.858650738539317171e-01
2.400679710254093102e+00
9.265079518542208570e-01
4.503026079565738415e-01
-1.666063047369650829e-01
-2.518415008312712700e-01
2.826281468709369804e+00
-1.354331985109653136e+00
3.740017000299009187e+00
1.138599910086949718e+00
1.610898634541423347e-01
1.062091245656313215e-01
-2.114305265116303456e+00
5.171638961723583616e-01
1.069056225700565355e+00
6.331166522407364328e-01
2.725399773076709664e+00
-1.825898597157897818e+00
-4.020938315710200772e-01
-4.008665796242940615e+00
2.699040443452428217e+00
2.487052195108916397e-01
-4.407218297751970271e-01
1.219292770428571426e+00
3.244472259192653585e+00
-2.283113704578689340e+00
-1.321430563513075751e-01
4.976433072665226165e-01
4.334360415325900995e+00
-1.426251672463295428e+00
2.741425798759462129e+00
4.200238917488172130e-01
-1.520441518283334847e+00
-3.952024801417490241e-01
-8.272585812955737250e-01
-1.243081618836040514e-01
2.259793026612058497e+00
-1.308831838895833988e+00
-3.321508275214533512e+00
-4.436289330257007890e+00
-2.609194436643436088e-01
1.022954235601529316e+00
-3.695195708927471179e-01
9.871280449381315547e-01
-2.523182297528093754e-01
4.850081771187231716e+00
-2.601469428346862678e+00
4.509148505841038546e-01
9.209851586760571251e-01
1.388333894360991527e+00
-7.658380485432190188e-01
1.425024759619737125e-01
-2.403206096057715513e+00
-7.377956357597925674e-01
1.231667995739180732e+00
6.337704664478142069e-01
-9.721499126632868748e-01
2.067756024762592570e+00
9.453248141251702208e-01
-2.001241293269129251e-02
1.872134029197892957e+00
-6.835673031976066127e-01
6.091480919479661527e-01
1.202678920249262567e-01
7.878501585802822893e-01
-1.209128342666165312e-01
-1.114747595662151536e+00
2.250225166681327216e-01
1.433096118858852019e+00
8.422240902209257030e-01
-2.781097858197955297e+00
4.779997659003749622e-01
3.866395406718065031e-02
-2.356499134492048952e+00
1.961850487232215556e+00
1.537334480429181305e+00
-7.806008288793677696e-01
3.713035003036345150e-01
-5.403153698607403577e+00
-2.474894812587021597e+00
-8.081658949678736104e-01
-1.946706285214244714e-01
-5.422846977808323254e-01
2.827200056454812316e+00
-8.702195562223496994e-02
-5.041745615813181258e-01
9.047646074207347233e-01
-3.384193117109748350e-01
5.922380412857710663e-01
-2.696020917923428240e+00
-4.459741163099767980e-01
4.543853521065404633e-01
-5.206676537662043858e-01
2.044070755277111129e+00
4.293139381338150429e+00
1.166730600662736927e+00
-1.237272884745097112e+00
7.420250829925042479e-01
1.519088574733246544e+00
-2.384135603810939585e-01
4.857201154822209377e-01
6.863834294544642889e-01
-1.404759102164188977e+00
-6.198362860822449472e-01
1.068240699066302035e+00
1.424069269577077634e-01
-9.268142604248226224e-01
-7.784710931673013423e-01
1.147700848303655041e+00
1.795818867885217607e+00
3.300619127860668911e+00
-2.874721730249846452e+00
1.523405071519410736e+00
-5.856971922349692994e-01
1.627104496946656154e+00
-9.885799768537155696e-01
-1.590652294141205569e+00
-2.659282893373563272e+00
2.835912822907453723e+00
-1.065795614833953575e+00
-9.771110205902505674e-01
1.581138824552508648e+00
-1.005698941507740640e+00
3.280492590971296529e+00
1.923317822567918611e+00
3.079237333253299624e+00
7.785312498704766160e-01
9.217441155909775752e-01
-2.755245487143398009e+00
-1.690021962488785556e+00
6.144417179487859926e-02
1.399131650158417450e+00
1.297289548623915989e+00
-6.847568602414302319e-01
2.460816060393657967e+00
9.363863381856212253e-01
2.795540610554587246e+00
3.489704278853952069e+00
1.223638459191342398e-01
1.555599959591749126e+00
-4.347935220197378658e-01
2.887293213546742621e+00
1.773860307654455681e+00
-1.986588057337094426e+00
8.936568021829002229e-01
1.554026457753616253e+00
-1.750045267972347496e+00
-6.386938312283325647e-01
1.210295237069304752e+00
6.302162837092667447e-01
4.422972536348637185e-01
-1.066809268314038883e+00
-6.834329773537630714e-01
1.655781558557609667e+00
-2.002185025673684393e+00
-2.222374941824617700e+00
1.426270678030650829e-01
8.637419367845611262e-02
1.345472421102522631e-01
-7.258554724064339991e-01
6.381849785635924643e-01
-5.103329873238575676e-01
-9.306034691095143030e-01
1.033049496112476318e+00
1.186154561769121596e-01
2.664065090393561874e+00
1.360096541293824846e-01
-5.008352876324895675e+00
-6.487887623463692854e-01
1.675788858909683210e+00
-1.579245314994470073e+00
-8.700193643730735893e-01
-1.848380309962897705e+00
1.232875652664526589e+00
1.100048999485958579e+00
-1.003790382440118867e+00
3.452798297865625199e-01
-2.503043178199570451e-01
1.391502156533209078e+00
7.990292180506962660e-01
1.087279050903890321e+00
-7.219341963492320602e-01
-3.119842928842674556e+00
-1.362095939818052992e+00
4.937280951087328340e+00
-5.989571073153860947e-01
