5.152626821311645955e+00
-5.862732284142619932e-01
6.139990951005132036e-01
-4.268883545757332643e-01
-6.529547078346216171e-01
7.292127087203648106e-01
-1.161342840930547737e+00
6.367802340754449841e-02
4.813625514810970785e-01
3.042142479590328463e-01
1.966267927966602602e-01
1.993231979298194290e+00
-2.497745521104991262e+00
1.292481206103833991e+00
-8.452063130845360872e-01
7.844535111036177177e-01
-1.227282449619880866e-01
1.734617367029040125e+00
1.260143680281012202e+00
-3.864959673147098651e-01
2.030891887525446027e+00
-8.914568534309529335e-01
-5.702626040909204441e-01
6.686159593689440239e-01
-6.277555387236258833e-01
4.079475815108493997e+00
-1.232190774240172537e+00
-1.032639288279863843e+00
1.209041386600979706e+00
1.048400492213028112e+00
2.642621376513917486e+00
3.886494152494035959e+00
-9.445182126088218499e-01
-3.870913011698935424e-01
4.375950799808443065e-02
4.028870056991873394e-01
-1.407945548971395011e+00
7.627627085603181367e-01
-1.640011318425790510e+00
-3.440465110603837751e+00
2.959995213038695838e-01
-7.106130744331650151e-01
-5.659099105673450758e-01
-3.842289271712781229e+00
-6.469017173858582215e-01
-9.247152526055747446e-01
6.388024925472709503e-01
-1.614560884564653298e+00
-2.247358312394171165e+00
1.759891801086898244e+00
2.895850589530022390e+00
2.546936112606591252e+00
1.750646698182792560e-01
3.939613091714909032e+00
-8.701714876107216057e-01
-1.130167403506238566e+00
-2.226745674455865576e-01
9.599273565648667184e-01
-3.331996139352531028e+00
-6.684504185399362530e-01
5.910180891027136951e-01
4.988523947526813385e-01
3.794016790402356398e-01
-2.328812320105631883e+00
-5.312196574147072248e-01
-1.001282427019652088e+00
3.377520846771109309e-02
3.225181725614584494e+00
2.973477929367135952e-01
-1.203094265680753505e+00
7.452514425987899482e-01
-1.267692709020622699e+00
-3.476341663864434217e+00
3.890726721434910385e+00
8.632592581475497795e-01
-5.693560948433988855e-01
3.820688842438267341e-01
-3.899156756061392115e-01
-1.036653174156594970e+00
1.042799676789406993e+00
-4.379215288220487667e-01
1.068919927307350415e+00
-6.892377979973834945e-01
1.972446480635511978e+00
-3.429278653711926417e+00
-3.809706737549515054e+00
-4.577948622164487169e+00
8.515371285486117436e-01
-4.300736000354451471e-01
-4.908243320779368535e-01
5.707039273897708265e-01
5.341794421758322420e-01
6.376311405289800671e-01
-2.153062192748204762e+00
1.152561689429759451e+00
1.898154371460506196e-01
5.345572887842197751e+00
-1.494031719260425217e-01
-1.654944185087169339e+00
-1.264887747698804743e+00
-1.451640108213932523e+00
-6.346983177417083732e-01
1.633817250798633491e+00
1.996265366928232643e-01
1.957628743059252940e+00
2.363651691849831593e+00
1.533661767987269720e+00
3.319723544089297484e-01
3.174722352341881937e+00
1.580575143228281521e+00
-9.208747267341435006e-01
-6.636474704141457348e-01
-3.832218820043931107e-02
-1.306602879000021700e+00
1.958368486184816071e+00
7.522479288227914562e-01
2.196560852196496882e-01
1.645840202526250629e+00
2.927001102280285760e+00
-4.262215693185000820e-01
-4.047512152386197881e-01
-5.567763115619855929e-02
-2.136645506790016413e-01
-5.554361552535955759e-01
-2.590303752932636705e-01
-1.541523690167304395e+00
-2.773584623631414336e-01
4.635313653258411049e-01
-1.445403727560091278e+00
6.199151104292319303e+00
-2.975333117846683084e+00
-1.606340971757869163e+00
1.555043381084770360e+00
-2.896575366136564966e+00
-6.547810526113465590e-01
-6.720908546047653642e-01
4.149754646619623899e-01
-5.081622737760833619e-01
2.247456441047612774e-02
2.619245504338802988e-01
9.500082426708114092e-01
-1.892134660924647438e+00
8.465254646044246822e-01
-1.967295924408180685e+00
2.969075434550930037e+00
3.325507793875348561e+00
-2.460143002007987967e+00
-1.027554988866372199e+00
8.014340563355825120e-01
-7.924788594898914962e-01
2.648578660787242356e+00
4.089005612230378617e-01
2.320994879293875268e+00
1.153845921989091305e+00
-1.538794552339788568e+00
-2.522891881904064437e+00
-3.312561970339381379e+00
1.698279629566806781e-01
1.480365008290034368e+00
9.862669498283013203e-01
1.125245968735960167e+00
1.048390960532106231e+00
9.148817715609991463e-01
-5.246206595289174546e-01
-3.418283285324269283e+00
-6.948665745886322131e-01
3.981903428586393900e+00
-2.923368374531286840e+00
8.020044864166756549e-01
2.444575071108237574e-01
-3.350816858357232864e-01
-2.440008222529521653e-01
3.244637982726779613e-01
1.514656060831190310e+00
-3.185534889108781798e+00
2.176904939697216879e+00
1.872544495351931459e+00
-2.811493977360897567e+00
6.178032612525171663e-01
-1.620484474500982541e+00
-6.100507135759731803e-01
-3.234063333927721828e+00
-1.829657609771020432e-01
-2.352439901388268806e-01
2.458313505741405725e-01
3.507515484779321291e+00
2.364722694139506087e-01
-4.169927203732484156e-01
-9.841313348784772597e-01
8.416620400635126398e-01
-1.632469342366480003e+00
-3.560970850371549812e-01
4.284289834403945396e-01
-1.539455940472744810e-02
5.850671042733733562e-02
-2.361403469616679018e+00
5.693150302674405694e-01
2.434973568327318372e+00
-7.653676657211921919e-01
2.295345145104421558e-01
-1.643705386839704685e+00
-9.711314126086767473e-02
-3.123986109729750549e+00
-1.301941985739095475e+00
2.237735790633836319e-01
-1.940443299439144731e+00
-1.521273892088377266e-01
-1.457181099541043023e+00
-2.144942616711726924e+00
1.622880239405933844e-01
1.049098677137371816e+00
-7.126753957118474592e-01
4.738416652058072831e-01
-2.740567749167040823e+00
-1.021825295974283287e+00
-2.562846589359850213e+00
-2.290359821026645815e+00
1.622939809014513290e+00
5.511636019357615268e-01
1.107331995961705395e+00
-5.627968967505109221e-01
-2.235249198902010015e+00
1.129514474575415095e+00
-2.265804104840428934e+00
6.844101256769925534e-01
-2.271025568145388807e+00
-1.018030729548490276e+00
-1.694784827187409970e+00
5.953843523641608737e-01
1.246152601969462426e-01
2.405596729172943538e-01
5.597383888534317453e-01
-1.954008884478140029e+00
-5.824199436258867824e-01
-2.177307104282833361e+00
-4.773169899982590003e-01
-8.164525210082302920e-01
4.927634598235666186e-01
-2.496110977933597042e+00
-3.908097960705666285e+00
-8.930801514302330046e-01
-7.421262251943721022e-01
1.548125800650178574e+00
4.147530883108247579e+00
-3.676380932121090517e+00
2.120591016440409871e-01
-1.257092398928372767e-01
-6.087879555729819314e-01
3.649605543061043900e+00
2.815519242704036973e+00
-8.037984709206048572e-01
1.480094214184133339e+00
6.810073179049285219e-01
-4.906123439062997638e-01
6.489561160132062412e-01
6.942566850469936712e-01
1.607656530116102989e+00
2.175465988038073339e-01
-8.320079038891881051e-01
2.996218708600483893e+00
-2.646568362964613730e+00
5.166193288296203612e-01
5.794612844040523125e-01
-5.930315906332801479e-01
5.475332868985295365e-01
