-2.284088355613280275e+00
7.775328711621891653e-01
7.278759978203773739e-01
-1.078573132443106708e+00
-1.381024995109223719e+00
1.606380365313498704e+00
2.191454352484370371e+00
-1.406949361726673509e+00
-1.011260453600629550e+00
-1.763478419064054226e+00
-2.416652725500456345e-01
-9.744044664974430003e-02
-3.561639445499032774e+00
8.213207517997878071e-02
2.093775304966541739e+00
-2.658109230597991424e-01
-2.830910894228392927e+00
2.030564240468504700e+00
-8.315538953609514783e-01
1.180338814549924065e+00
-1.597579023806896981e+00
2.291234326849667990e+00
-7.268031429471270011e-01
-3.605155826374423222e-01
-6.051992581083603939e-01
1.568410768075295003e+00
1.027590529316080081e+00
1.201012986959799633e+00
1.528057912238081073e+00
-1.788733948179669353e+00
1.442965026098715686e+00
1.071124453532107168e+00
