2.035395959915120012e-01
-6.791581182903124736e-01
8.996695555650566778e-01
-6.481508881949811229e-01
1.351469022481417981e-01
2.549947780051904367e+00
-1.419489150434337432e+00
-1.545518633996981306e+00
3.041814372365667651e-01
1.308801907694273625e-02
-1.166559612119585587e+00
-2.807359930006747106e+00
5.267997789592697711e-01
-1.015220297153010431e+00
-6.727350172362221992e-01
-1.573323895057852528e+00
1.591183359280632370e-01
1.569415964557291931e-01
1.440450762971302368e+00
-1.396492699927238679e+00
-4.445443430073305002e+00
1.484536841005713315e-01
-2.361084899390104574e-01
-4.264989784951161989e-02
1.606947218471161065e+00
-1.161427236847871303e+00
-2.333897389329457006e+00
4.280676432773072193e+00
8.833361871305934754e-01
1.144972521483639261e+00
