-4.978884734898940678e-01
-2.148423644995322679e+00
1.694985715994143938e+00
-4.087997911135419216e-01
-5.771211751830466197e-01
1.390006738624639304e+00
1.910097029932835921e+00
-3.060963864183513738e+00
-4.794278299827890999e-01
3.701112378016057497e-02
3.585065715909644624e+00
1.376612525683000632e+00
7.102353354634349802e-01
2.204340467866253483e+00
1.659595934538223183e+00
2.323728678781944890e+00
-8.095338707317641935e-01
1.975859701716691674e+00
-4.570816375219462491e-01
6.370292307477682936e-01
-1.147682439629924778e+00
3.773267622665756882e-01
1.659278177542605315e+00
3.245833785204556010e-01
-4.985368192347360838e-01
-1.813052725913169017e+00
-2.565817889920762429e+00
-7.781598361110451945e-02
2.044302368343922538e+00
1.004176187566092393e+00
