-3.269068953195926053e-01
2.045282275558401253e+00
-1.244346353425981544e+00
3.233960956516354290e+00
-6.719710027217434822e-01
5.833393538778372522e-02
-9.803305180095476246e-01
-3.294867853743652208e+00
3.320976460430029586e-01
2.056259631391372800e+00
9.507085009667642916e-02
-1.516950106636449913e+00
6.616035595531044589e-01
1.570902136605165422e+00
2.772402241141932233e+00
-2.375270407987011279e-01
-2.463670189751668627e+00
-6.154855878713735295e-01
-1.668561902795189233e-01
-1.452852764233619975e+00
7.310124644821448525e-01
1.519014825056040463e+00
1.083792340229637663e+00
2.944732623808129279e+00
-2.498925872884464994e+00
-2.588136167380162611e+00
-1.598207781499471070e+00
-5.243883261745087010e-01
-2.980791350619074742e-01
-5.379580312633014394e-02
