1.014684168559007116e+00
-1.563510727429349600e+00
-7.843553195536687728e-01
6.251217479311549363e-01
4.194109971868390518e-01
9.673421117446547868e-01
-2.338651801130696040e+00
-1.425151121730904524e+00
2.033729592502422356e+00
1.000929225768539682e-01
3.299014985253274634e-01
-1.330482996096773451e+00
-1.092948661677850541e-02
9.703379386350136082e-01
3.863721860120925000e-02
2.588790086704991555e+00
6.709737870016034833e-01
1.984256354425584234e-01
-2.934233782809319901e+00
3.350214567878421201e-01
9.651804182258939546e-01
-1.011448756347496980e+00
2.407484845061778067e+00
-1.259713624750510075e+00
-1.423894198596058036e+00
-4.259153277207612387e-01
1.402983811919459090e+00
-1.836664404272968287e+00
1.682896487996722534e+00
