1.968579910437276703e-01
4.453710016897015067e-01
3.879416616717277222e-01
1.108861440201641457e+00
-1.123536474782907302e+00
-5.399110577815000589e-01
8.492077088568352750e-01
-5.306167573756407352e-01
1.158715457129076309e+00
-2.886152490422144723e-01
-1.123900691422231812e+00
3.729823156250056115e-02
1.142285487402288080e+00
5.748197960252302563e-01
6.003695748064075133e-01
-1.278718111315753081e-01
-3.270984138782561335e+00
4.835150894007373967e-01
-8.098084809743626433e-01
1.844709058559271142e+00
-1.545091561780187472e-01
-3.417212528653847503e+00
-7.475781255477891296e-01
6.665228981158770605e-01
1.342905226780978678e+00
2.991026883869003505e+00
2.217693711257502365e+00
-1.174967649540547887e+00
-2.251236682735852757e+00
-1.462331741802685547e+00
1.205796910665592803e+00
6.371683128547804831e-01
