9.136755032293515377e-01
-6.035855568638036628e-01
1.643478408217149189e+00
1.709654734143220001e+00
-1.518488923374472055e+00
8.907579987081943873e-01
4.043172223528751497e-01
1.767748023210166775e+00
2.116100002921535772e+00
1.448858238249243424e+00
-8.228685431513589332e-01
-1.856115535993817733e+00
-2.112680871137360694e-01
9.497311772157660537e-01
-4.637300247980419288e-01
-4.158460982993958055e+00
8.459085358602141946e-01
-1.577810656919960142e+00
1.072916617434729547e+00
-1.308353256946444831e-01
5.903780554561296467e-01
4.220133259298218809e-01
4.057652366013900225e-01
2.205031637241188225e-01
-3.360521377949001742e-01
-2.021725011510121739e+00
1.525217959022368230e+00
7.351317636203683059e-02
2.040903127949645346e-01
7.193634496466949635e-01
