-1.438084930648740323e-01
1.100160545210479013e+00
-5.994770764905275051e-01
1.796269859393885282e+00
1.077838185972957108e+00
-2.774184995989996128e-01
3.611947544220884820e-01
7.784883927091449385e-01
-1.967722562226420724e+00
-1.586030236939574456e+00
5.320265181869023863e-01
-2.316244945930573396e-02
4.866660740247886530e+00
-1.616276096782344407e+00
-1.460872597916573756e+00
-1.115038564272711863e+00
-1.254062428126944129e+00
3.711473171354920941e-01
1.024282503867656846e+00
-1.122550764070932017e-01
1.902601588277051059e+00
-1.240211511955182200e+00
-2.117761378373776537e+00
-1.142582698024754650e+00
1.195873298782200500e+00
-4.994569566734048394e-01
