-2.109880217968243432e+00
-1.546078034250594424e+00
-1.789182234669142613e+00
-2.509565851378188217e-01
3.122262063251313613e+00
-1.365311607089005452e+00
1.620749408031729732e+00
2.096195187662364123e+00
-2.574468468604908633e+00
-6.677997013352215960e-01
-1.009925656969801633e+00
1.212911365748950310e+00
3.963953538786431530e+00
2.447352227747758846e+00
3.720935582349325643e-01
1.547284999251932636e+00
4.575945114105344214e-01
1.275551201912209498e-01
1.200689447369296836e+00
-2.032965476593028509e+00
1.454856612125268844e+00
-9.404079142572262517e-01
-1.856389002925438625e+00
3.081431014790252942e-01
3.463137198841362618e+00
-2.277793665594582517e+00
-2.657643552295951839e+00
-1.284585494404770767e+00
-4.144639428125119984e+00
-3.069453039047166598e+00
-1.634020811432438380e+00
-8.115769617765138388e-01
-5.734715246387663834e-01
4.575925933128086598e+00
4.721324541902208738e-01
-3.663600483927208273e+00
2.140459656104621189e+00
7.442026249275585092e-01
-2.320541495302481660e-01
3.719483877619269019e-01
-3.156916429320717477e-01
6.152297435904879874e-01
-9.234199364430556445e-02
-2.417904815828887610e+00
1.135551798551929892e+00
2.339909685077678159e+00
1.083724082879137018e+00
3.418815253272762700e+00
-1.645172967154485910e+00
-6.687005911138766967e-01
1.425599554111814049e+00
-1.616616793832759136e-01
-8.025857151524209421e-01
1.136518219003531005e+00
3.406067243823337476e-01
-1.912827743224458921e-01
-2.292790772244916120e+00
-4.484526158562658904e-01
2.614274454215850807e-01
3.730734768432429904e-01
-1.303155112557588868e+00
1.165182470895517852e+00
-2.182083984457598547e+00
7.689500126718912254e-01
6.938292308203981573e-01
-1.058017349923799477e+00
-1.123245884192945132e+00
1.087467086059185295e+00
7.184391478449334567e-01
2.640111301569630253e+00
-1.880469343881605582e+00
-2.311705207595107225e+00
2.774192491772995428e-01
1.137260275473832571e+00
2.504746867072793481e-01
1.457521930480317307e+00
-6.717324970149831653e-01
-9.607833532949416888e-03
-1.722779819387308731e+00
-2.671412178413697269e+00
2.285058718687071888e+00
8.995750962645194804e-01
-8.757575487366208167e-01
-1.128076689618197515e+00
-1.309868864807599120e+00
-4.848109105727586021e-01
-1.284561154201950162e+00
-2.018065259969379355e-01
-7.460452042808097817e-01
-3.587330525224295963e-01
1.575518778197321224e-01
1.244002172447552512e+00
3.005236082935465181e-01
-1.163169682769789048e+00
1.251794905970762262e+00
3.524067324057376993e+00
1.680834571380321052e-01
-1.540417341488815373e+00
2.536322442262982868e+00
4.986168797714280454e-01
-2.892183463945171562e-01
-1.013451662055639524e+00
2.456970210126294685e+00
4.871404673694561538e-01
4.780232931283741493e+00
-3.560992594279689949e-01
-1.563576751310761237e-01
1.607079161764366715e+00
-1.476352835067951785e+00
2.777972400549168164e+00
6.779186189039698718e-01
3.695936483439944409e-01
-5.824348345299366070e-01
2.850282873226370306e+00
1.702746071640358627e+00
-6.182761272390773222e-01
7.606834287611315970e-01
-3.067175177794181362e-01
-6.174447493345727622e+00
5.209240896903486462e-01
-6.561568325230432430e-01
-1.567546045114355691e+00
1.027514389177792253e+00
1.878688796255456372e+00
9.384776715188070106e-01
-2.874922092437769416e-01
-2.269800460265749997e+00
5.696617907469769815e-01
6.859848866105585641e-01
2.054769136657402573e+00
-7.226672281756038596e-02
-3.293280141133937411e-01
-2.507059990418117890e-01
-2.235821622759927685e+00
-2.881537661379297788e+00
1.133708594923125590e+00
3.328913575616637477e+00
1.124950387800993434e+00
-3.344870447985147377e-02
-1.345681775218815490e+00
-2.632531266013017901e-01
3.436375212358905085e+00
4.026087945405180668e-01
4.926507115501480571e-01
-9.275477311965780736e-01
-1.039777864687859488e+00
8.924882998227643416e-01
3.975831025062124269e-01
2.972156495905160511e+00
5.054801331874304582e-01
-2.722492615798501880e+00
2.952571979207758712e-01
-1.147990052359221025e+00
-2.393010257510710836e+00
-4.240758859014089333e-01
-9.140335722207442171e-01
5.401257032375649247e-01
1.480911768117000316e-01
-1.385938060147617668e+00
1.216925379859871370e+00
-4.360527379613312604e-01
-1.290250896092805188e+00
2.509585006447805799e+00
-1.682107008675224336e+00
3.618906183702513157e+00
-6.528544918110648076e-01
1.222467959064565124e-01
-1.311224095524054833e+00
1.602923173392348799e+00
9.002487227289001082e-01
2.091119341749766214e+00
-5.335398290729591597e-01
1.155756525115849698e+00
2.770896592268761172e-01
1.804023141380533435e+00
3.235282052642775574e-01
-3.101701807285639489e-02
-1.756493357458384974e+00
2.974264664943250813e-01
-1.139353240816816992e+00
-2.206945816586496356e+00
-7.621339295367243194e-01
5.917685129917554798e-01
7.656569611953761845e-02
-1.506445426808137866e-01
3.291352384369874429e-01
-1.348946072756177728e+00
3.075910285268659283e-01
5.386861644343480249e-01
-2.627572307534287166e+00
-1.065194158032997662e-01
4.667415962223335768e-01
-1.503409229867444186e+00
-6.579951285516004722e-01
1.930964515745780541e-01
1.642079933093118838e+00
-1.535528222934652742e+00
1.998267961794312431e+00
5.148390495958391488e-01
3.407961396204924887e-01
-9.337990490433056845e-01
1.615849328500063464e+00
2.364075397965273329e+00
-1.532532696549423201e-01
-9.226839177992518515e-02
9.960848103819279764e-01
2.562992803588685087e-01
2.253999074519123180e+00
-2.356725309364038345e+00
1.339853660081267606e+00
-5.516497821476021857e-01
7.641771354091028146e-01
-1.042820615292213926e+00
2.643057147397342987e-01
3.562208991806826930e+00
4.746717013650011197e+00
-2.478662908617456084e-01
-8.778987347390432294e-01
2.351066466961974299e+00
1.299758703663437709e+00
-1.065654247132542753e+00
-1.027387412561354907e+00
6.553894849767343267e-01
4.467466461419579815e+00
-2.693997957132829857e+00
1.934343787279440230e+00
9.563299981321822241e-01
-9.271637987598102537e-01
-2.824664111996361138e-02
1.928951989648729715e+00
-7.638038506722647503e-01
9.372566270525960475e-01
-5.115368715968447999e-01
1.143282199816072264e+00
1.796527954053892540e-01
-3.011833389705733666e+00
-1.347623392979399481e+00
3.479614527366512888e+00
1.678257118109094392e+00
-2.418002541830077123e-01
-1.386893132252617455e+00
-8.878549624800394779e-01
4.486289411751788747e-01
4.548333411285921946e-01
3.136942084737408987e+00
-1.339565278125918635e+00
1.891562253908422031e-01
9.556597970800330133e-01
6.045616766047456903e-01
1.098653360036386806e+00
8.454782830136622351e-01
-9.571674020439420172e-01
2.311911190743651368e+00
1.512986918929912328e+00
-6.409681087221756612e-02
-1.456975413718154533e+00
1.240988081465568410e-01
-7.280497376021326517e-01
4.937724690590264420e-01
2.015155570321734313e+00
-2.375988809514246736e+00
2.087482756064547473e+00
1.357466947845737959e-01
1.453400980672044041e+00
-1.997731134442898016e-01
