1.879963375467003761e+00
-2.246606274852588570e+00
6.321670032806003814e-01
1.062702718381877354e+00
-1.049304954903885201e-01
-1.139540374059557104e+00
-1.412047480362944363e+00
-1.297198280126035330e+00
-1.053020562356642653e+00
1.314999788625772936e+00
1.305011623554236389e-01
5.895600640344398347e-01
-1.035615329611053737e+00
7.858987617104835621e-01
-1.674951911519936942e+00
1.007579511829789443e+00
7.884682998226528738e-01
-1.086417172294918521e+00
5.865665527948986657e-01
-1.903273766553097435e+00
-7.121726234512956721e-02
2.594062613661626271e-01
2.874219198611088766e-01
-1.885366658940889950e+00
1.471991433249024706e+00
2.011366078278278291e+00
2.117301970633086228e+00
-2.494217281363449334e+00
-1.119586974879914765e-01
2.140547124549644575e+00
-2.517715930245683520e+00
-2.789750856043333727e+00
-1.635063124978396010e+00
-2.652502878588101076e-01
5.154931978450245644e-01
-4.438152976084359103e-01
-2.072347283840133336e+00
1.445707759416133165e+00
1.627458311270608027e+00
-2.587305788402497253e+00
5.854238864387732999e-01
4.224374962949958290e-01
3.499895485496048453e-01
-4.088269234497420301e-01
2.433769148485542821e-02
-1.893878168554418817e+00
4.131379196532219411e-01
1.001146854322892743e+00
1.571371658810127858e+00
-2.579942091591512221e-01
-3.380494729399742493e+00
5.959594658409402834e-01
-5.847650331899786336e-01
-4.754328431899822460e-01
-1.730679602209543866e+00
-2.153242993208772105e-01
7.339742110605373959e-01
6.153868298279129290e-01
-9.278126764344097888e-01
-3.637128141307666152e+00
-9.273523194267798697e-01
5.882850878550600626e-01
-2.951613730572382188e-01
1.129785616064693077e+00
1.132964949196342053e+00
8.298013945698212712e-01
-1.611830084017199960e+00
-2.134250776680279404e+00
9.748091469987653079e-01
9.918396762174477299e-01
1.827922974745834206e-01
-1.441965355148274286e+00
-3.449918235892774021e+00
1.277269001662689751e-02
-2.001002660041188430e-01
1.403080045115420615e+00
1.708846403439575612e+00
2.970634932321967625e+00
1.034803326641822618e+00
1.522795429741769402e+00
-6.234283537609421888e-01
2.556553883208692035e+00
1.246931442286214331e-01
7.303010723883218702e-01
-9.031139856096486174e-01
-3.331832721531437613e+00
1.641386396671020265e+00
-6.891306086543534937e-01
6.758939876738286889e-01
-2.774405842539126588e-01
-3.574354895168783131e-01
-5.044583725311355127e-02
-1.779348874243866563e+00
-9.235334055062136560e-01
1.042801322396099462e+00
-4.439601998065562105e-01
2.512038459722242045e+00
-2.220190194836681452e-01
2.185308306504353926e+00
1.631808104640096069e+00
3.029079633119351467e-01
1.725309494819981415e+00
2.030065582937893298e-01
-2.067861654400008575e+00
8.700276597239136045e-01
-9.640016895574987643e-01
2.621662593040568812e+00
-7.725837786952121089e-01
2.283466499993016263e-01
-5.071529314287467338e-01
-5.427116035891060147e-02
5.692966139232279454e-01
-7.710457277957881439e-02
-3.025694737889745856e-01
1.308041999760122476e+00
-7.294284658082661466e-02
1.617120786113199982e+00
3.260631604790696358e-01
1.916751619568616283e+00
-1.357464528911037416e+00
1.569219926161116607e+00
7.731171447368401228e-02
2.637507472441121603e+00
1.045444597272322529e-01
-1.872207788317568955e+00
-9.501886841258466720e-01
1.057829041109867863e+00
2.015980752309171065e-02
7.569628543358430939e-02
-8.843269691008934785e-01
9.399780363102960834e-03
-1.565793230602078534e+00
2.856849793449459440e+00
2.765552916175663345e+00
-2.567508485016891662e-01
-2.571626356129315560e+00
-1.636998143755098001e+00
2.695270298814498866e-01
2.144634699742524464e-01
1.201953032022139878e+00
1.591881157160525584e+00
-1.256834806899790768e+00
1.617676014586356015e+00
5.862643331936152613e-01
2.531114368323943431e+00
1.246879281036948672e+00
-3.090563133190650236e-01
-5.203399310117852172e-01
6.002547407025660142e-03
-6.405950817024148591e-01
-2.419130330407507135e+00
8.063266990043513882e-01
3.392000534240212639e-01
-1.139309928446941678e+00
1.715628055290457032e+00
2.503097396193915136e-01
-1.290957834653641667e+00
-2.252416534564441797e+00
5.357235689613233376e-01
-4.265648869484990335e-01
-2.110492298529299315e+00
1.702327845188350341e+00
3.800678334602625719e-01
7.955592717410420178e-01
1.033554394332206972e+00
-2.501865320209251564e+00
7.503538551639638010e-01
-1.365718770647791125e+00
-1.025251873342407194e+00
1.312876136153973583e+00
-5.295910439449253992e-01
-1.513919056664930318e+00
4.427745214924894701e-01
9.565280508127946835e-01
-3.469890267356754432e+00
8.391195194138816316e-01
-8.068201106886621066e-01
-1.426564921486282334e+00
4.381768576327744746e-01
1.131062425694605578e-01
-3.364959244848457764e-01
2.411817419491890102e-01
-7.259331155797741353e-01
-5.466430772818483552e-01
2.517804946113611723e-03
3.770062227870982774e+00
-1.301428316463579371e+00
6.637662342243771940e-02
5.088935568576508084e-01
1.287878859585751989e+00
1.024563288740490519e+00
-1.324186439687019323e+00
-1.469759234248178226e+00
-2.879207088095422584e+00
1.763022477183987302e+00
-2.203473702065170126e-02
-1.261348957959276706e+00
1.173649639664589461e+00
3.171112135489081663e+00
-1.213732275977173147e+00
-2.668996742698588331e-01
1.057133796872431752e-01
3.915904094240783451e+00
-1.185006376589471389e+00
6.587303135460923498e-01
5.517030461034390099e-01
-8.952703521136675668e-01
-8.685503870757808054e-01
-9.996765294743870101e-01
7.254239541160134586e-02
1.154446060654651607e+00
8.777340118535299496e-01
-1.184346819803654416e-01
5.910500870009945951e-01
-3.916286543427618394e-01
-8.867821999104585906e-01
-1.647285304122540595e+00
9.544886518877284676e-01
-7.348968386110303896e-01
2.299549649042246791e-01
1.076770903706094629e-01
-4.497288780658456053e-01
-1.900156120011143202e+00
-2.067326320555221031e+00
2.028017584006518881e+00
-6.259545391944717485e-01
1.632706678669843425e+00
-2.684088593533870526e+00
4.607544559441509313e-01
2.324822342568233224e-01
6.460854521099517189e-01
-2.682983798486233695e-01
-1.325314650339003641e+00
1.424909889901601723e+00
1.931889117703347314e-01
-1.558525588851803478e+00
1.923066706545546678e+00
5.557830044625412524e-01
-1.522282953590988197e-01
-2.077527196351442562e+00
5.485402437039725854e-01
1.197579951625237227e+00
9.016957418235016508e-01
-3.268566742407926107e+00
8.195732905937173074e-01
-1.047493979467025049e+00
-1.346757398795125349e+00
-1.161393749488324412e+00
-9.928492267049643383e-02
-5.906424944500284768e-01
-8.541980337506341336e-02
-4.818156597410175879e-01
-1.637762359436073067e+00
6.395762505780537843e-01
-7.136954263884052185e-01
-1.286575881824444600e+00
-2.361091343788345842e+00
-3.367189145586860777e-01
1.505017326574717540e+00
-1.722915721795606370e+00
3.515273298205559560e-02
4.826041462508511293e-01
1.279058649390699687e-01
1.901654190025880098e+00
-7.702617398257265435e-01
