-1.268462503890070980e-01
-9.873215239017104627e-01
-1.698590346913067650e+00
1.980907903959792771e+00
-7.001399667242129699e-01
4.114993645582125659e-01
6.056997043559393390e-01
1.046898097578805031e-01
1.012252486367600790e+00
1.582701237248597792e+00
-2.837830678773324511e+00
-1.914149556462244384e+00
-2.402270909049942116e+00
5.591381445722956034e-01
1.428697266516482545e+00
1.055682731672293651e+00
8.561295211708106478e-01
-1.278744270576394337e-01
2.249128074908589348e+00
4.028024303989886645e-01
-1.528177786297536533e+00
-7.370094838988378028e-01
5.517909094070173603e-01
9.619257323833053652e-01
1.450248411897557155e+00
-1.282496948429274308e+00
9.974974079700866803e-01
-5.341061227171457482e-01
2.351853160202518112e+00
6.036824693031759281e-01
1.370991701496550474e+00
