-8.568562707950787560e-01
5.094015383880489134e-01
-3.468355865879184097e-01
2.016910371987157280e+00
3.095024002570806454e-02
-1.783268103311860919e+00
-4.768479005476934374e-01
-8.603688750114587558e-01
-7.182276787938459695e-01
7.493052118124703398e-01
-1.636511191725068759e+00
4.097245139341701425e-01
1.058766362692051599e+00
-2.636743100625124070e-01
2.729145524212967314e-02
-1.383016350470817279e+00
-7.086485037097567385e-02
4.795338148923618538e-01
1.693622409551164720e+00
3.528907855538689908e-01
-1.683876100652707652e+00
-6.440740598046174048e-01
2.806350307831973478e-01
9.658781453695950425e-01
6.238239210821501235e-01
1.149919844054678952e+00
7.330193350911776706e-01
-1.906414313911850011e-01
-5.585225186107339868e-01
2.589549554544448462e+00
-2.351491940145046033e+00
