4.332538384810648013e-01
1.615804568868196012e-01
1.140858708470969152e+00
-1.242083316475506516e+00
4.051626055211935418e-01
-7.179034687223428968e-02
5.385882645605021279e-01
-1.415886765933229152e-01
1.418318810474268332e+00
-2.086747474203883845e-01
-1.356524110549149897e-01
2.240953098203756766e-01
-1.264543443710727244e-01
-6.593738015503404493e-02
-1.440175411122870175e+00
1.676885309376801303e-01
1.344546808805772820e+00
-8.729877176984877085e-01
-2.817080107364505759e-02
2.718585597863293346e-02
5.528825401562238451e-01
2.553699171608174723e+00
7.483213643616053456e-01
2.682486341523403706e+00
-3.174258267514582510e+00
2.057792270006463475e+00
-1.953260948971066446e-01
2.850118947272925585e+00
1.411904744513388987e+00
