4.409945191533530817e+00
7.172497098652067526e-01
4.698438671858891635e-01
-2.481452472405147325e-01
-1.647287381811506357e+00
3.715305397399304432e-01
5.936100756697401115e-01
9.035137441364449185e-01
-1.742388889159899978e+00
4.568982249768741566e-01
-2.777431715355285213e-01
-3.347644080733318983e+00
-3.321794589147726739e+00
-4.558328044948797286e-01
1.527206313320208508e+00
8.832142196316861149e-01
3.178305554786002407e+00
4.838181111261702916e-01
4.116714958811766301e-01
1.780510300225723874e+00
6.490635530605817771e-03
-1.700406311519553793e+00
1.719190028493544076e-01
7.502088640385213836e-01
3.334349208024434685e-01
-1.989321556654636058e+00
2.833874999412783424e+00
1.078032172029715019e+00
3.145483897720819932e-01
2.214226499915449065e+00
