4.228972873451967152e-01
-5.359340142119273231e-01
-6.257104675648266223e-01
-1.035963015458113201e+00
-7.408156928513435213e-01
-2.034261792849582751e+00
-6.166715656413367386e-01
-5.834298734399334663e-03
-6.382464856714292756e-02
5.458305854308758143e-01
5.107191252446878771e-01
7.227627317465722401e-01
-1.139499958351984255e+00
-5.609728697402122100e-01
9.059906397829082803e-01
2.991954502412024652e+00
2.119668354886281580e+00
-2.475387761352253690e+00
-1.017670636160752817e+00
-1.731611872514134731e+00
-4.365578110163330083e-01
5.446634765206572748e-01
2.181016903914658744e-01
1.633058720478635983e+00
2.463228663607466729e+00
2.773715112304896202e+00
-1.978329072151826296e+00
7.761279985461999598e-02
1.176911541313669929e+00
4.185404701773735026e-01
-2.849266815544142517e-01
