7.135043173415567264e-02
7.307368465964191317e-01
-1.299223682542760550e-03
2.002944605841517900e-01
-8.817399861556334262e-01
8.435889948541729355e-01
5.307035375742170658e-01
4.491611625681923847e-02
5.027054788085200121e-01
1.302326552369179380e+00
2.525527124472093377e+00
9.397299546040781548e-01
8.594053415456115452e-01
6.135090529071947074e-01
-7.859036064064928162e-01
3.196610377135614689e-01
8.864224785386215499e-01
5.227410147034039500e-01
5.509226966915358181e-01
5.586363531576082897e-01
7.030902546576720535e-01
1.904966652572529506e-01
4.683091780693622308e-01
1.805128177122677369e-01
1.649961347377415510e-02
8.828952466391574161e-01
3.530080015080837574e-01
4.684163724689199837e-01
1.396903796125860131e-01
6.420055473350649855e-01
9.773825986737696425e-01
5.552638298797486494e-01
4.578967068998858192e-01
2.009778901733556555e-01
9.440721964303601110e-01
2.350840157925544016e+00
1.808336387083697483e+00
2.261087921569397086e+00
4.111197831887342669e-01
2.621170995649528823e+00
-7.342682245534237762e-02
5.980285152225096601e-01
1.775561995589884923e-01
-5.960233688966289911e-01
-1.459552070787115685e+00
4.868386843389230778e-01
2.387646338552037450e-01
2.048532280313557052e+00
5.975433028874209684e-01
1.780966428552410719e+00
2.798448721540491402e+00
2.532912688265857026e-01
-4.092117338001727278e-01
8.323494411619720701e-01
9.191862362831392241e-01
5.570631297986686770e-01
-2.327433040105167938e-01
1.237562303618375825e-01
7.458403177590415822e-01
-1.251878766080198435e+00
1.230496998002239550e+00
1.130303769992713425e+00
4.661289361256155672e-01
3.691826942357691044e-01
9.639512068500212250e-01
-2.704169305239152443e-01
5.295097321672305180e-01
7.810603905661219759e-01
3.073065195608120082e-01
4.691825985844122471e-02
-1.051928672624493633e+00
1.596924045422571492e+00
-5.086506251026386982e-01
-5.711373925248802719e-01
1.939150711042576081e+00
8.344091613544183383e-01
3.197575937271358582e-01
-6.763291749640653050e-01
2.706898776317540056e-01
3.390585586624889070e-01
8.950864516241014979e-01
4.953046324890325591e-01
6.432302628578340231e-01
8.294324384756779356e-02
2.054054834931392515e-01
2.590359343398418446e-02
-6.726797575956500186e-01
9.319252016161350127e-03
7.590085523301867143e-01
4.509739966184261872e-02
-1.046215043821832058e+00
3.486120928025752130e-01
-8.550113933692764512e-01
1.350541894865074699e+00
4.005392917745480563e-01
2.513884280212367317e-01
-1.198012070732905165e+00
5.108251381374795397e-01
-3.863757419477385074e-02
7.308004332585880114e-01
7.103840817926025952e-01
-5.977958673631749154e-01
1.022060802880443431e-01
9.176531246718032664e-01
3.987350250584461575e-01
5.841394029246561592e-01
7.759551175723149452e-01
8.628944719626235882e-01
-1.742498056456494027e-01
6.897397698631344554e-01
6.264603748247892234e-01
8.978316265862096301e-02
7.219763983627908166e-01
8.338347884846174507e-01
7.449152003852181902e-01
1.048564113659628122e-01
5.388610431479590179e-02
9.256352916249975804e-01
9.992303712997284704e-01
1.740118376795529720e-01
8.183741870893131987e-01
2.126745396391634735e+00
2.994562807111290637e-01
-1.716957209283105357e-01
5.293858802889834791e-01
9.117935447105270930e-01
2.771680718317153236e-01
-1.499210896945558424e+00
6.736929007274540249e-01
-1.062883661171651672e+00
-1.079312524661386385e+00
1.699062748953194202e+00
-1.384289249647920328e-01
-9.955442382102217547e-01
-5.182081236800242241e-01
3.807136543357669822e+00
-2.731686685447974217e+00
7.562910979353596463e-01
6.962050836670952148e-01
4.348822542229948684e-01
-4.374375107502347371e-01
7.551000095833921844e-01
8.324800994469652160e-01
-1.715847441771278348e+00
-2.752479009209196636e-01
6.554440393771270301e-01
3.578251417119073796e-01
9.047612175986551319e-01
3.182975717824619855e-01
4.493920442794037129e-01
3.630629919349342982e-01
2.472018767748843660e-01
2.278015425495828694e+00
7.706322215934335862e-02
5.848448515908503120e-01
5.932167198560682753e-01
5.886448726158144407e-02
2.231423206523148739e-01
3.026481849784035116e-01
8.924510373489636939e-01
8.035834344370914595e-01
8.684327755881922073e-01
5.197005079754191126e-01
4.401156222922906203e-01
1.077279868562817100e-01
1.981476731099806043e-01
9.635447753269454907e-01
-1.345650532041188452e+00
3.738057034615560603e-01
2.867611062282433565e-01
-5.119669555742648592e-01
7.812170076354292281e-01
5.122049402742079316e-01
1.519744606656664443e-01
4.559754960736048801e-01
4.251812142713528031e-01
1.649860921663021118e+00
2.901863307789014357e-01
4.193147220968649336e-01
7.850429159467078311e-01
1.483333341587350640e+00
8.690286243804393740e-01
4.099159488634556148e-01
3.776214968293322150e-01
6.661946843188214507e-01
2.056004045052170159e+00
2.656516176881857927e+00
2.967376744292116175e-01
6.991005695425617228e-01
8.855691019787341745e-01
8.031150056706214402e-01
1.545983522909466501e-03
2.086168840624608167e-01
3.909201054239448414e-01
1.485032537375224893e-01
3.258696799971536606e-01
4.648368417662587238e-01
9.901634520946989149e-01
6.185149913457056448e-01
8.439252796128133838e-01
2.356158044100984839e+00
1.266775392012442047e+00
1.377782758806935792e-01
8.219680497837011934e-02
9.746116107672633255e-01
4.451242315007075678e-02
7.567489590085507700e-01
-1.004744883902669805e+00
3.398362928010009165e-01
5.424036902225275458e-01
7.256573545074910259e-01
9.065000860417176121e-01
-1.096979357198510474e+00
5.321244833648736128e-01
8.627287637640480567e-01
-1.908955220883080450e+00
6.370605640876577658e-01
1.269469201726969754e+00
2.772191545490308329e+00
-4.751205429806665270e-02
4.975354758946440858e-01
3.188204712214679937e+00
8.893354325505535840e-01
2.149073542382636259e-01
2.256016044310181101e+00
-2.162788411500001118e+00
7.608327923837283624e-01
1.584212518679439574e+00
7.182303870841352245e-01
1.328859104355408327e+00
3.818337842621760680e-01
3.242629938346770491e+00
9.855800414873354676e-01
4.785731313440465540e-01
-2.387228376459276102e-01
1.538977246283423250e+00
3.593859337760729744e-01
5.967959202329069512e-01
7.576572141656744419e-01
5.430578116937043731e-01
9.609151245737342917e-01
5.309415582495971009e-01
9.975536103591042814e-02
1.875366552300807288e-01
3.576269405979096483e+00
7.820846148817391930e-01
4.238095278490896511e-01
8.352647042204219829e-02
2.541457055756612959e-01
9.302442297462122367e-01
-1.214469904794027943e+00
5.758673576414334860e-01
3.151814121246798717e-02
1.861042742970928421e+00
8.880235905411326680e-02
7.635298905313958606e-01
6.845175305676118871e-01
2.764470024088081512e-01
7.210806232765853974e-02
1.362668809750141596e-01
-8.206575760688382681e-01
5.637330225205949841e-01
3.580660167957846474e-01
9.019624286848030303e-01
2.305189643188040316e-01
