1.661698675803216396e+00
9.122713858775055584e-03
2.644135815212556029e-01
4.750921257091866856e-02
2.257782420010653102e+00
1.528625578839427401e+00
3.052217691709299685e-01
-3.205278426728144781e-01
-3.384080668727984520e-02
-1.190590548988870401e+00
-1.151563194707479809e+00
2.850848656929246827e-01
2.270649886501234782e-01
3.321846056880548570e-01
1.355445454902458380e+00
1.845342558920840537e-01
3.760000090203291512e-01
6.473789548400021854e-02
-1.400734757992048163e+00
7.611166530756320325e-01
3.836844170754348804e-01
4.349375301874062183e-01
-5.019364271432795732e-01
8.698247664529963341e-01
1.468574531343191714e+00
2.289346772085825710e-01
6.055353674644506912e-01
7.865255699053999017e-01
-3.559531012634565839e-01
2.213485233095643379e-01
6.940904372032363767e-01
1.162098499433715793e-01
-7.414436778659698468e-02
5.387477487585510261e-01
1.459886549134496336e+00
-7.913927044898184660e-01
5.357936139213181903e-01
2.711001152256596658e+00
3.108099013381688813e-01
3.731560256160859623e-01
5.723957418453229362e-01
2.019868605507335602e+00
8.882098793261539171e-01
2.758992090160053978e-01
9.733686300602162333e-01
7.829519537188207590e-01
1.266019149557290113e+00
-9.750395702197288683e-01
3.487795989737842994e+00
7.081003018967922946e-01
-2.309913475502636704e+00
1.391806701633272469e-01
1.818875806575092069e-01
1.886591052055119899e+00
1.181327737119553634e+00
1.492211503077633505e+00
6.672130215142373366e-01
-2.488554631085122537e-01
4.002045346427040018e-01
-7.052301300857256594e-01
1.602642785060030217e+00
9.121945579945588412e-01
-2.519590186464887971e+00
8.148568424158588730e-01
-2.983274783525404761e-01
7.260698691305415009e-01
2.461824922492258594e+00
1.920238892867443647e+00
-1.908310241711170807e-01
2.321265669625219186e+00
1.334696532334239905e+00
1.006859858571780286e-01
2.825840153731813409e-01
1.494631353305138077e-01
3.343651939458293088e-01
3.555055032353587885e-01
6.976133388647546285e-01
5.760386424476365841e-01
6.628416797186350573e-01
8.182319273160562068e-01
6.718562679581455699e-01
8.252043903230709132e-01
1.030947938303884648e+00
-2.584282659797886295e-01
3.257500006923688129e-01
7.305270933680737544e-01
2.164189606858855974e+00
9.990162556183813658e-01
-1.856884488533558919e-01
9.739557680009650609e-01
1.278013536113745130e-01
3.630275786683667238e+00
3.789613080833881265e-01
1.474939332899027900e-01
4.250031927847611191e-01
-2.177836546533335138e+00
-2.374393204659359657e+00
8.363909231774637743e-01
8.792351853152585717e-01
7.604466620532805976e-01
6.283983691552323947e-01
9.714026767785142180e-01
1.422347030117011801e+00
8.598038981548320470e-01
9.104462232938048682e-02
-2.214133649681022220e+00
5.674693307845816159e-01
-2.924905560406959593e-01
7.609334001121987878e-01
2.457147169970613221e-01
6.733983180424266690e-01
3.607139466271381822e-01
9.804221883720679598e-01
7.427287230885259994e-03
7.146310521210810229e-01
7.078227796396799887e-01
1.854865268504903852e+00
5.414409183791917268e-01
2.879097034836097802e-02
2.646274926960118234e-01
5.622140204413360598e-01
9.875273857506383646e-01
4.409393200695226334e-01
8.403917531901640148e-01
7.633665356071747121e-01
5.430826815697064047e-01
7.283745396801195593e-01
5.471955096776779381e-01
-1.168236812530327073e+00
2.602935836517155099e-01
1.165423374945958379e+00
6.159680990194470462e-01
8.571251546733910098e-01
4.886583303257195920e-01
4.864427208799370073e-01
8.569034562592260373e-01
-3.511336815228363051e-01
1.860166109248346800e-01
9.512280799664140085e-01
2.066568103950177093e+00
7.121213481507623344e-01
6.068350549600665111e-01
1.376594929048290394e-01
9.111811676380173752e-01
3.762696625629443625e-01
8.200208053949161746e-01
2.749776872937876870e-01
3.549092055153594272e-01
8.062586056999164752e-01
2.949550337298431635e-01
6.677434969806040899e-01
8.655260357766545454e-01
-5.684031672030077642e-01
7.567099111811761425e-01
7.353781985121025100e-01
9.344598403863118019e-01
3.113904245597509668e-01
1.071305797745780303e-01
1.175660557146088747e-01
8.356945400582846961e-01
2.167363565290770788e-01
1.871309030713744770e-01
2.911556276999895942e-01
7.898763359430107656e-01
5.515852266944668569e-01
1.932515538493163598e-01
1.051223651707027251e-01
4.134570706839262311e-01
6.536373630377374511e-01
7.826516250642345796e-01
2.184790899509329309e-01
1.317405483378681463e+00
2.221698617116989460e+00
1.391590073464361588e-01
3.602358282917756949e-01
8.840884072459820331e-02
9.343467067607239551e-01
7.202759274686195701e-01
7.649091046189849807e-01
-2.715786487995360599e+00
6.630047482368210954e-01
-2.453754900199604516e-01
-2.748265980001759701e+00
1.201533800031863386e+00
6.238320169720718011e-01
8.656113776879859056e-01
-5.723313172645216884e-01
-1.454460153141694079e+00
5.909378091374284381e-01
1.581667444729967009e+00
-3.442191692999896357e-01
1.767024178012308044e-01
5.098891376012583132e-01
3.447626840890846145e-01
1.719688853844016263e+00
-3.119955565060206215e-01
6.894338157629491537e-01
4.825302232168203753e-01
3.360986935575410728e-01
3.100983075386267718e-01
2.146683085920401357e+00
5.293545084596374961e-01
-2.099480756500886613e-01
9.712728113812629793e-02
4.109928830935954958e-01
-1.725432843348137402e+00
2.086547031471207569e-01
4.070736539118179342e-01
1.873291809035364519e-01
8.422951591742048327e-01
-1.900237516084337219e+00
2.161299419588863291e+00
1.050273717794259598e+00
-4.160083203082383108e-01
-8.548610052228395872e-01
1.216021264916701261e-01
-5.158551636651791394e-01
2.367538578592682796e+00
6.887976932392195772e-01
7.349975509483409608e-01
1.289136211938526344e-01
1.667398646619688840e-02
1.701246142435703934e-01
-7.604780505490918441e-02
-3.512971287498192208e-01
5.032536901493643855e-01
5.170526075817080125e-01
-1.778045402861332391e-01
1.374899112741232887e+00
4.406451609653561086e-02
8.793329574134445270e-01
9.796367210222933775e-02
6.519944013042162645e-01
8.656126543962101572e-01
1.491934449311864475e+00
-8.103993449385400449e-01
4.043660647895149785e-01
1.690202003241709994e+00
-1.703721075070731006e-01
1.574646329526938393e+00
9.639176650482274011e-01
-6.155707299953488976e-01
1.120417927642807232e+00
1.647490287828233813e-01
1.575707869129770344e+00
9.102648660516921009e-01
1.603994199877860183e+00
3.676622701983691677e-01
1.672607327349751039e-01
4.406444893119351169e-01
9.370116554700361755e-01
9.758046658004992935e-01
3.916885985219777933e-01
8.002455468098307323e-01
3.049441316259086099e-01
-3.280350619736717377e+00
7.469076321204274338e-01
3.470115567345987140e-01
-1.744113572651627475e+00
2.281160589278468098e+00
1.175246033927818345e+00
1.406754272476592460e+00
3.860984674227219138e-01
-4.642337198727122249e-01
4.093701755271149656e-01
