6.241268758133236005e-01
1.607708216520129074e+00
1.692355324257217575e-01
-2.017482125657700243e-01
6.351526874470359019e-01
-1.187725569871096898e+00
8.456213859780327136e-01
1.591778944896919956e+00
3.240651052180745229e-01
-5.710045550223675770e-01
-7.152047948082925766e-01
2.534643710472928024e-02
2.600380615642502447e-01
1.155260293037454256e+00
9.573785709688498180e-02
2.733060292670722813e+00
3.119029501917089942e-01
-9.260097905543528407e-01
1.391191622402104588e+00
9.826633948199355872e-01
5.241296255215623923e-01
3.074655528563996931e+00
-1.291297176695153093e-01
-1.571665500021334427e+00
9.711138906160252660e-01
-5.380790476229744268e-01
9.259946246715883289e-01
8.899782113016874163e-01
2.124144260682765406e+00
2.363001689509346637e+00
6.856774197752590894e-01
3.245481938737556638e-01
1.057803691857061912e+00
1.529712884380729054e+00
1.295357847697373721e-01
-5.655873888645869263e-01
7.434865213372802151e-01
1.011847458514953946e-01
2.545683307760979730e-01
-3.299281678687541408e+00
9.363033497122907889e-01
1.059098731524013015e+00
2.191601864510224651e+00
5.530070877323577383e-01
4.935358789737113172e-01
4.755700839434077176e-01
7.849408577478841353e-01
1.525726743033823496e+00
-6.466586915437277927e-02
-5.503763908558515494e-01
6.150053701625006752e-01
9.773071325416160526e-03
2.454343950577920985e+00
4.947710503297288454e-01
8.740807538842607638e-01
8.464282908552172024e-01
-2.136944595830989613e+00
1.614100997840117735e-01
6.388356650352792210e-01
-1.511809825896804238e+00
5.584828045543221986e-02
7.052248751430250095e-01
1.306079129457974997e+00
-1.361965904801648142e+00
4.198673782336583282e-01
2.578500655705189271e-01
-1.323696333475516962e+00
1.715147609012501739e+00
4.817841277187770999e-01
1.831770132399857198e+00
2.586560050742001682e-01
4.120167914485477478e-01
-8.826396023724902840e-02
3.528165722350923295e-01
3.492011493575541969e-01
3.122304101357775696e-02
9.918831172649482664e-01
9.982687977621687025e-01
-5.265577195558024393e-02
-3.593353064192211788e-01
7.028764362043129488e-01
-1.456317600158190118e-01
8.285074563335331765e-01
7.965410371548069524e-01
4.026441605571801086e-01
-4.994765971627689316e-01
1.141251811334358823e+00
7.814074520125492418e-01
4.639771052941554785e-03
-7.103480379860921401e-01
4.949123529132487542e-01
1.497069015489038479e+00
7.308730633175861691e-01
5.115677211870406360e-02
8.796577395565879920e-01
6.039584304975040840e-01
-5.553409813045270260e-01
6.696794139109162325e-01
3.394921555850757278e-01
4.148426000388875101e-01
3.841064011745041640e+00
3.465587153165095025e-01
1.636091938102751442e+00
1.154308520668432037e+00
8.816777083974156604e-01
-1.325664714567551083e+00
6.026356864236721567e-01
1.688294091776576522e-01
2.155571327172163265e-01
4.622801371873196952e-01
8.048945042731603383e-01
1.833393968186267653e+00
8.032608414224833293e-01
2.017708407097004386e+00
3.779894446833584332e-01
8.345833025662950932e-01
-3.002248341137346843e-01
5.909243615236584590e-01
2.610340836347735394e-02
2.987886032313176177e-01
3.256468500400487853e-01
-3.581811255252179693e-01
5.068460349239405360e-01
2.631749785299204447e-01
3.696167581767056953e-01
9.716074061475943324e-02
6.380686582664235607e-01
7.020012366701373629e-01
-2.051516265895815261e-01
3.134303582899388818e+00
3.815836202351208239e-02
3.424892894024456069e-01
9.667870005618225404e-01
5.878560757561168693e-01
1.577208546441359882e-01
2.963427411265564526e-01
1.759031150469071658e+00
5.498024275802972927e-01
9.145682427504450152e-01
9.757796604496478121e-01
3.070042529235743611e-01
3.447945038683237762e-01
4.628337724360996330e-01
-1.464784968387067288e+00
3.859318738796857495e-02
3.290535507008177651e-01
7.954284324653771998e-01
6.911285835566932656e-01
1.444765224484757526e-01
1.948032038735701965e-01
1.008676523519122403e+00
1.421882701624781031e+00
2.974772185687982184e-01
6.938661569876626301e-01
1.936482020092962220e-01
1.936006206993216683e+00
4.594290175611702720e-01
6.990988229645133112e-01
9.568882011843165003e-01
2.617995582649427222e-01
4.953378136233153040e-01
2.087816310778136675e+00
-1.377725951477545063e+00
5.351918333359922952e-01
1.083130114830188617e-02
-9.025847613751862841e-01
1.957235150031869653e+00
3.866764031279849023e-01
1.305273634399135130e+00
-1.210199662589811709e+00
1.529953336277215969e+00
5.434547474428930158e-02
1.000593865632922963e+00
2.657919534660211358e+00
5.407032077534710268e-01
7.595106267079453355e-01
5.309423641518993264e-01
-1.519291740530808177e+00
-8.285212984526826863e-02
3.857507121365886249e-01
3.205487853475785798e-01
-9.469065193639315536e-01
-3.056976627677153724e-01
6.291120016295221884e-01
-3.340574541202045444e-01
9.555787700269139373e-01
7.264528367675103793e-01
7.734706180421533350e-01
6.217573125673637735e-01
1.447912815000636622e+00
7.155079263603961737e-01
9.363442096367580181e-01
6.222433705741553522e-01
3.682481429220237912e-01
8.058914405940517112e-01
1.263785514497868245e-01
-1.093950793130198162e+00
9.397941287600153348e-01
1.458935136725396653e-01
1.172382331431091051e-01
6.157583785559882505e-01
6.159648892356828220e-02
1.305791443871948898e+00
5.258159006201543750e-01
4.848304304390127495e-01
2.632429963362499237e-01
2.203345200256723313e-02
7.021918843461119053e-01
9.853706110404464313e-01
-6.263570006237674237e-01
1.429874427157168393e-01
7.252572746396044323e-01
1.389276224491062361e+00
8.998145652967239894e-01
-5.877117200982223677e-01
-1.523411776844631138e+00
9.573045699493122340e-01
4.301636430288123814e-01
2.287863766075345362e-01
-6.622477038988210385e-01
5.813905199337440211e-01
1.802794962345544150e+00
-3.719346890016092533e-02
5.841602374076649840e-01
3.309511990786122571e-01
-6.551659583298297118e-02
2.288804393111282920e+00
4.913979336686566946e-01
2.726028217040010748e-01
5.147582576567438783e-01
7.775663740075635655e-01
1.051527448007759658e-01
2.883839523925657566e-01
-7.127376495852255633e-01
-4.031462198883489778e-01
1.272100738485421711e+00
2.547796388829363323e+00
-2.901585766826846768e+00
2.767781458342417178e+00
1.033130946731039224e+00
3.089520912448767698e-01
9.737094416465859048e-01
4.345513811511358959e-01
-4.310806876592881975e-01
5.977639008324253656e-02
6.548175697910378901e-01
-2.485514178699353316e+00
2.418871137290640183e-01
3.838486327845324064e-01
5.564266409477446329e-01
-1.753791557164034121e+00
6.171919830052345901e-01
2.223511301210451263e-01
1.760571097720378120e-01
1.355403402430668702e+00
4.801735375099747127e-02
6.304362926453848104e-01
3.642081071562807804e+00
6.067370390424965398e-01
2.277568204704807364e-01
-8.383949715892130561e-01
9.184542476945791734e-01
3.832595447176539993e-01
8.947546869355293975e-01
5.856619562101980092e-01
