-3.642547170175777893e+00
3.398449508762710347e-01
8.204426398816689892e-01
7.985451189453707244e-02
9.645503588321339139e-01
9.108178263580570810e-01
1.652728434164001836e+00
-5.945752270074138313e-01
1.325403673948151617e+00
3.897639174211294244e-01
-1.102639794186325739e+00
7.038247423150849613e-01
9.499555800316541454e-01
-1.126669361609068387e-01
3.224311951500491991e-01
8.464180556912467290e-01
-1.015096786140956553e-02
5.633946825829982963e-02
-9.263865025503685846e-01
2.073777253748070759e+00
1.521377760455390193e+00
1.341374411330408467e+00
1.906933943465770609e-01
-5.252445794136345603e-01
5.960630594295169837e-01
-2.960476049912914576e-01
5.942498045952859798e-02
9.377357482547670209e-01
1.269703779625394269e+00
1.106079810542418773e+00
4.027897337133090616e-01
-1.620122979241133354e+00
2.691769226618827560e-01
1.171298578173878724e+00
2.373745024519013924e-02
-5.257242589658248644e-01
1.079100690642218474e-01
1.039653156272248857e+00
-5.927388746702955125e-03
7.088835231678256577e-01
6.103933417669273886e-01
7.028975609143212067e-01
1.775929547205323811e-01
1.320924321452859873e-01
-1.104236067708187941e+00
1.762332885526991522e-01
-1.013599706961590741e+00
8.688355258861505392e-01
7.354956401633470087e-01
5.571188751741333878e-01
9.799068549585295829e-01
-5.135807632154631985e-01
1.921252476987524105e+00
-1.584794340718438832e+00
4.626426361339134319e-01
1.847068057512757377e-01
5.398191838960518796e-01
3.082546070195650856e-01
-3.579097562697253210e-03
8.323298818211447569e-01
5.716585297663385745e-01
1.078598531850397446e+00
9.304814813674411322e-01
1.355867910658890452e+00
2.231257133703707485e+00
3.691580727266171591e-01
3.075277681432734278e-01
1.924137600809771032e-01
6.253503884744626706e-02
6.318689736900727771e-01
8.194533323583930162e-01
8.785128140791982343e-01
4.339148648056431745e-01
2.338782478946408450e-01
2.348499727324702135e+00
3.659410102241377194e-01
5.730985921447095954e-02
-4.987832445644159174e-01
1.232550984484075185e+00
9.086017856035565332e-01
1.376306471936189268e+00
-1.523722002052424473e-01
9.083082448341947002e-01
-7.519467567221567172e-01
-4.240170224085367812e-01
8.297361354808940881e-02
5.523626528708280858e-01
9.501803578617969981e-01
5.055085851251883700e-01
8.243156215028002443e-02
9.079362487218378686e-01
5.763503824276078324e-01
1.308428007687956640e+00
2.290429625307392136e+00
7.246095272707560042e-01
1.043935671854094860e-01
8.871039527599102748e-01
5.140206421357765842e-01
-6.994117851608283587e-02
9.383692922295491234e-01
1.388372902292388078e+00
-1.118129151737321525e+00
1.943949907519218812e+00
-1.518401942648528458e-02
9.635619798781126510e-01
6.218671485681996902e-01
1.761175418184021346e+00
1.299869651447455032e-01
4.515156820087893319e-01
-7.510194404897488907e-01
8.545786531166077449e-01
1.024135234586568410e-01
3.739965691685285254e-01
8.809252932166660166e-01
-1.131479040356910548e-01
-1.264189533328676784e+00
6.035224836639271340e-01
3.429260004763085012e-01
3.157405116581379900e-02
8.746114917424363533e-01
-3.343860830220795055e-01
3.052292978773707421e-02
8.765329783441491163e-01
2.046442277799932263e+00
6.362502456310878962e-01
1.088562963315398147e+00
8.438489889635669705e-01
7.666932726693334033e-01
6.099475053252942924e-01
8.254801233112538661e-01
6.342848215242496979e-01
1.244505617413563803e+00
1.767078353411588587e-02
6.485960842329312470e-01
-5.581203870353037555e-01
1.590754717924549033e-01
5.941933704053298237e-01
1.506437986812169116e-01
-2.540318572064406699e-01
-9.731729131060062876e-02
1.693936456775969601e-01
7.469359373666405455e-01
7.221859824233141101e-01
6.126654394090960132e-01
2.621049543691784667e+00
4.328330218263375384e-01
9.296906645311227013e-01
-1.494362689043328141e-01
5.279884880676407599e-01
7.735637139515566529e-01
-9.516852512675766373e-02
4.037397852666479992e-01
1.111106958523774946e+00
7.542737134017807321e-01
5.719298474661423937e-01
5.109022494163486527e-01
2.094845387236555112e+00
1.264984177314854019e-02
5.845308833825964001e-01
5.448835911932186082e-01
6.960699150310728500e-01
9.461029865834795771e-01
7.774933832384780530e-01
2.295500969016309734e-01
8.249436936440264212e-01
2.270753819709229182e-01
3.917616122438982718e-01
7.355216820526710997e-02
6.530457748026690101e-01
1.365369553405216818e-01
4.354793041520557129e-01
1.576027929222799662e-01
-1.507237195894874038e+00
4.996893228613179527e-01
1.259950717153281108e+00
2.044182414004416692e+00
7.477001040143635979e-01
-1.956306159786902477e-02
4.546693284170206795e-01
6.311906132595820340e-01
1.950757736112737728e+00
-6.692988687039421736e-01
6.359469572873005516e-01
2.421038234001701150e-01
9.613175961484751175e-01
1.362078123464813384e+00
1.153798477166227077e+00
2.887195256313478398e-01
1.177297670300504473e+00
2.433636566065893181e-01
4.102791241144136680e-02
6.197411377223306372e-01
5.565519012233274276e-01
2.238082477992507702e+00
1.051289425349771323e+00
1.276861187621841642e-01
4.843890896951679181e-01
-8.161113637753466543e-01
1.366109688345122697e+00
9.724889869592773239e-01
8.758171321991227165e-01
5.856389101901624539e-01
1.385249412469057972e+00
1.086655798805621576e+00
1.558546090306542620e-01
4.220489425991316157e-01
1.692276368110972928e+00
-4.863756433909516286e-02
8.533359058611827974e-01
4.924136587152017075e-02
6.813352973180961669e-01
-2.153137682779283857e+00
5.901321703665440843e-01
7.013423006371530821e-01
2.059924370549290451e+00
2.103596585914077610e-01
2.724216735352704699e-01
7.653808112824830312e-01
9.475323948528969753e-01
1.431369780952017390e+00
2.473075882084673771e-01
1.552964043603011657e+00
2.374913965259978221e-01
1.561482973546454378e+00
1.031554981177138286e+00
7.273447807925547126e-01
5.788926185084046772e-01
1.349000936170184461e+00
2.320108240154455659e-01
8.074933278795127789e-01
-6.800177954179529305e-01
4.312642050570292263e-02
-1.642885850760539279e+00
5.125371768177733323e-02
-1.935634786655194839e-01
-6.477600467339497126e-01
-6.319783360871493727e-01
1.201933430129406455e+00
1.171465925948912412e+00
1.509340339323042901e+00
9.601971179416274316e-01
1.879011816245012678e+00
-9.283007063145254367e-02
1.418465437984940403e-01
5.681546202095111298e-01
4.602260132738041909e-01
1.769302833745221848e-01
-8.769244171291814549e-01
1.399138075005247561e+00
4.754859095372593103e+00
-4.952034693969399548e+00
2.517788763737580648e-01
8.642033958473289701e-01
5.460075150365983898e-01
-7.258356943181956122e-01
7.058208374731552714e-01
1.267343100020145830e+00
7.601289011389030792e-01
1.424601737604132445e+00
9.377671078552733963e-01
5.409137129973718983e-01
-1.445412416640796893e+00
7.113341116206890469e-01
-2.201925809383698862e+00
-4.898239280261782458e-01
