3.938341867951993258e-01
8.644369120438714083e-01
8.192349473124673764e-01
1.913498377680022955e-01
1.264543569069697115e+00
4.697169316585638743e-01
3.574061052990119558e-01
7.436835678762323543e-01
4.989019068099526111e-01
6.236507599975940064e-01
2.348317961180426128e-01
2.315055192282344798e-02
2.061297666818475705e-01
2.931359215520980666e+00
2.451193093380246157e-01
8.900175669461973804e-01
2.082657177138347304e-02
1.633402609211769274e-01
3.909484121571268345e-01
-1.221074105667008247e-02
1.345780161919849505e-01
7.834830835083295142e-01
1.008725116559119339e+00
-7.979981822070230102e-01
-3.322280937096047992e+00
-8.356321955120307177e-01
2.274920919282027443e-01
9.801917534845946967e-02
6.477532358753046449e-01
7.798238437817582858e-01
6.589471256880051753e-01
-3.863405615728052744e-01
-2.474030569498023580e-01
1.455531595018366264e+00
3.555364492410737487e-01
1.180673619269821950e-01
1.178617979550105055e-01
4.830520374011396667e-01
1.921547260350635167e+00
4.817579508563212265e-01
9.484096925208089779e-01
-3.736904688539225972e-01
6.003995873381331450e-01
3.215592426685049965e-01
1.798749611597617815e+00
7.286983566858863393e-01
9.753928335188004617e-01
2.100027930701069412e-01
5.437976709613510096e-01
-1.247037129995156368e+00
-2.882948364345346626e+00
9.306533805717913665e-01
5.979211259375347698e-01
8.645983048831896722e-01
-2.408947764174671491e-01
6.225578935287419402e-02
9.771614060918578648e-01
9.669550361071801436e-01
6.506745683230094057e-01
1.467367302592023082e-01
5.588737607460003698e-02
1.767854217425293584e+00
8.677911305366801109e-01
3.113961346592251100e-01
4.107416672034411853e-01
5.447550906967640882e-01
7.685133016568582720e-01
5.897240121736244678e-01
3.974238686252945518e-01
-1.784186172313411145e+00
4.742776367511899460e-01
9.861148020048474683e-01
8.257069794333367074e-01
5.708399693181616108e-01
1.284159106107621851e-01
2.578375229395282187e-01
3.209851617204988461e-01
9.420258513335916239e-01
6.981733919606526451e-01
8.329984273157564623e-02
2.506854448618923703e-01
-5.963178085482611079e-01
-1.769858606672013890e+00
8.612999805913923446e-01
3.060310254677574893e+00
-5.591518919952909172e-03
-1.236390762390065623e+00
9.616120188162102789e-02
1.828800955906969561e-01
1.453065707043957211e+00
5.857278003732594440e-01
2.002990791550202099e-01
4.918524053637640669e-01
4.067522333876141261e-01
2.611900594459294345e-01
2.786428101273948355e-01
8.073372441284477619e-01
1.148210819813527905e+00
1.542789093044888427e-01
3.828783020343680121e-01
3.190187487143948619e+00
2.507385716290303268e+00
9.479022854310417134e-01
7.045126910564764033e-01
8.023804130452011352e-01
5.803159465479766910e-01
1.158160017472779746e+00
4.357426430215298740e-01
5.071728661908124769e-01
1.187794185519015500e-01
1.445276816760229233e-01
-4.191786725327969476e-01
8.331705415996051300e-01
1.539338708688690049e-01
3.938409390848923719e-01
1.567855620374229986e-01
4.611077974847991312e-01
1.380572028687804265e-01
1.287289497018342388e-01
-2.632787712300925342e+00
-1.344630261330662102e-02
-7.728470255284312085e-01
2.927588195693022755e-01
5.954471969287066235e-01
1.699304145413412792e-01
-1.212199169362131901e+00
1.723338999460946042e+00
8.527485880804104301e-01
5.435201594037034623e-01
2.001170897873204568e-01
6.694746817241858938e-02
8.251786449875617713e-01
4.879547303077103049e-01
1.362819363837892706e-01
-6.918221627024396803e-01
6.093690481039468754e-01
9.745897321471003183e-01
6.142194621354570838e-01
3.891239755864304151e-01
8.124839268251548008e-01
7.389095972535529855e-01
5.951368484875048104e-01
4.269200686609186945e-03
4.437999302010978697e-01
-7.359468223091427674e-01
8.376410927841171361e-01
1.327521370319315608e-01
6.157235887718343070e-01
6.209198462424939668e-01
8.607053792665777525e-01
8.750261957025794457e-01
5.805464749726263474e-01
1.086837671716404330e+00
8.808443313226309579e-01
3.486634428746304692e-02
4.306322951642674868e-01
5.267910356743753519e-01
4.191871929443303779e-01
3.884703429550494524e-01
4.244952042981775531e-01
5.811254176948350558e-01
3.642879036813335691e-01
1.825992761450565549e-01
-8.542312057310420814e-02
5.005767394899791611e-01
8.277563944074292079e-01
-7.556922684021024628e-01
9.334376232389902661e-01
5.354497957609686276e-01
9.773378772888089427e-01
1.260013664083987628e+00
2.819480514438618135e-01
3.593569301042363051e-01
1.619984060569075179e-01
1.013365221098127655e+00
1.421685245119112206e+00
2.183271760751555046e-01
1.240691104091324881e-01
-3.237426716527852522e-01
1.329134868950623938e+00
3.255684699395926529e-01
7.306864195278489627e-01
6.782297025231368570e-01
1.681705547619373853e+00
2.077791809909051990e-01
4.396975764766182238e-01
9.865110351241147546e-01
7.473828326092827323e-01
8.536363951341199297e-01
9.645014873585820991e-01
3.586017968502018816e-01
7.903640750143681171e-01
2.295086566169369791e-01
8.681142821700171819e-01
5.470006787051148178e-01
6.819082299280588844e-01
2.918093140334859781e-01
6.826775499746617903e-01
1.620728939454554318e+00
1.772741281002460756e+00
6.063257668018392499e-01
1.556695178109001265e+00
-8.855700003675187615e-01
1.876831031850323961e-01
6.285330960172597070e-01
1.207695838348844308e+00
4.212392663080699595e-02
-2.268222871442650002e-01
1.344301922228961166e+00
8.942949310058123658e-03
1.864679710018656289e-01
1.705396357874400248e-01
2.140823984526418755e+00
-7.799299075275845095e-01
1.094248920389270241e-01
-1.073649716373307639e+00
8.621900330264674617e-01
6.212573037800394049e-01
2.400578010864335532e+00
9.836050709655987934e-01
4.886409377967717571e-01
4.366970857417074026e-01
5.075082920308136014e-01
-2.860948735384770680e-01
7.439428693963894279e-01
3.912761285216214135e-01
9.228594530831220055e-01
5.238168653068765446e-01
-5.481937303774889747e-01
6.221180568433524183e-01
3.345722526379341089e-01
1.087228809295406329e-01
2.292387866470121383e-01
5.359152028537922385e-01
6.258969912339736874e-01
7.370150016786727321e-01
7.663942178054798937e-01
8.810805180220241395e-01
9.016288602028920129e-01
5.355324503972869188e-02
8.832551135326799363e-01
4.357598664998731941e-01
3.303560062501492700e-01
1.667325197246961599e-01
6.716718185684568132e-01
4.863049507288642603e-01
1.955983553960908283e-01
1.298609809983797270e-01
1.654194090759754099e-01
1.209865326810547481e-01
8.789522257787152348e-02
3.296980359333141486e-01
7.701543045928962439e-01
2.552686441599762990e-01
5.930682119969048482e-01
3.152666964220507406e-01
7.675654053341772753e-01
7.759360105888863934e-01
3.535975066530407940e-01
5.784681079918598812e-01
-3.093002003319104798e+00
5.354277810964394035e-01
9.375931193446118694e-01
5.110900737110434244e-01
3.582425319386017826e-01
