1.330281594552331415e+00
7.641290515170692244e-01
2.861349364377472337e-01
9.501651636046107852e-01
-4.346250957211084121e-01
-5.436321416940583795e-01
7.537162953905411911e-01
1.124335802983639221e-01
9.227507366519679399e-01
9.639187352110578644e-01
-8.788272775848531282e-01
7.240636811491273361e-01
2.429013963607522975e+00
6.876187307649773706e-01
1.545723918275869746e-01
1.617249006718763038e+00
4.451827387441072981e-01
9.070547641220484403e-01
9.751652080341930429e-01
7.211186728255799538e-01
2.442437520362784609e-01
7.251089787587536861e-01
4.210919571178406429e-01
3.344996029254782011e-01
9.892844756938031781e-01
8.431180667391162675e-01
3.620281145796152567e-01
9.216836619136464792e-01
-2.269904951183138841e+00
3.231327862105561888e-01
1.492553662372266832e-01
3.352827880680162576e-01
5.808432321167376067e-01
9.079028982532539871e-01
-4.779913678203900895e-01
2.248920390460864560e-01
8.412754159067309390e-01
8.409524137722094173e-01
-1.439409870914957201e-01
7.218906419782904482e-01
9.547607952538090803e-01
5.581245061923399975e-01
-4.759863516691295038e-01
8.976598088459794011e-01
9.998654449296513480e-01
1.707285567388187042e-01
-1.123397569827771836e+00
6.217807806867551301e-01
1.242048417241518043e-01
4.800812220027602661e-01
3.476782767659168938e-01
1.583871496286453739e+00
5.219894022638782438e-03
3.440380217393912865e+00
9.835142360933658567e-01
2.599606562659020348e-01
-5.700367834194902672e-02
2.124199619825897778e-01
7.580673193313595126e-01
-6.387389592815174710e-01
1.070590662602238785e-01
6.895636678604954994e-02
8.505020417944336719e-01
6.600044997061819130e-01
-6.402300720446402194e-01
8.408064802301972174e-01
9.649155813076516486e-01
3.089018143393024163e-01
8.367954364163752157e-01
3.878346503866256789e-01
2.495102007283465095e+00
1.405914232138127495e+00
9.195694158717739874e-01
5.819578898879889106e-01
-1.363830293551252737e+00
7.996799251267694419e-01
6.309972011004818526e-01
5.340494337912345957e-01
2.040551955468604017e+00
6.297779033785755320e-01
1.604595336588858334e+00
1.096889541875838425e-01
-1.252888416196826782e+00
8.920925187369805887e-01
-6.299907609404405973e-01
9.416133550371907912e-02
-1.365826658160583518e-01
7.890705482510026458e-01
2.323144953092148857e-01
8.645426029093780107e-01
2.653855518245008538e-01
1.785265975506091785e-01
4.322773908906676343e-01
8.763039788985563794e-01
6.528313175152999914e-01
1.730583451610144818e-01
-1.635948288222102587e+00
1.694037633547837984e-01
6.946370488692173994e-01
1.497864781709317361e+00
2.812718071222825245e+00
2.118368353453092823e-01
4.312493376714467974e-01
9.840495111625073843e-01
6.982670596488659287e-01
8.334704475688065051e-01
9.923626343139870798e-01
1.352460339205252549e-01
1.154494059896362668e+00
7.778160009872538971e-01
3.593683576192291396e-01
1.945265911827203986e+00
-1.239956699667812412e-01
8.318574329135834944e-01
-1.640079248913711707e-01
8.794100828630884159e-01
1.272245125122857035e+00
1.246431360715846148e-01
-2.312712175627545275e+00
1.531346551698594682e+00
-1.765228532316691634e+00
-2.084760317133763918e-01
6.562060696346257993e-01
4.311015923193495247e-03
6.405710520323137924e-02
-1.386721594019757475e-02
2.020627926397353669e-01
9.032203971850655266e-01
8.630599435004866482e-01
7.963930225405269070e-02
-1.266365148934701645e-01
-2.866594526531788811e-01
-4.637048310185749589e-01
4.742984126512928000e-01
1.080250348251208914e+00
5.875197949786417073e-01
1.100095884938883994e+00
4.292972613150053407e-01
2.701346342260729783e-01
7.690996669350731452e-01
4.800235962578109916e-01
2.492573074409824008e-01
6.478783563078444052e-01
9.795776178347251895e-01
5.376909979132937778e-01
3.307492575479069608e-01
1.023014035502437746e+00
1.544391836580294664e+00
6.092901008294620002e-01
6.242007674828531361e-01
3.100472349156668805e-02
3.665435911188208440e-01
9.102380723947811614e-01
2.133626909849833941e-02
6.442211579668066790e-02
2.534494560902407212e-01
1.757265986166335114e+00
5.222384537200277510e-01
5.297629275098244550e-01
1.927205698312506321e-02
2.059128147128789221e-01
-5.301585802640623735e-02
4.794220757976186409e-01
8.202201548016303523e-01
5.843554168917657332e-01
3.260497254364203012e-01
1.635092951721602850e-01
7.115833269022426855e-01
2.192528522593906182e+00
7.410124713780069650e-02
-7.852533405012590562e-01
8.934886737495786324e-01
9.950219369702493211e-01
9.401311802784727556e-01
6.351072500428014411e-01
4.164652662802305061e-01
8.403354954779462815e-02
7.057261499861057219e-01
1.261936534218632833e-01
-3.410636801556526931e-01
1.291010969573549882e+00
5.696409338684392809e-01
4.151846165356635199e-01
4.334421694067532860e-01
2.338527121089840621e-01
9.007827159583570165e-02
9.801052450697067542e-01
3.448358459115863361e-01
1.927724101794529687e+00
3.304829749181115162e-02
1.220724819792800897e+00
9.997844555868140581e-01
8.436243529587877932e-02
2.015646766444719962e+00
2.385387201316113703e-01
-1.872566945651553683e-01
4.724364546535507747e-01
2.355406919669211785e+00
6.168740635322251809e-01
9.788195251476676795e-01
1.830991431993842289e+00
9.986951436415049121e-01
9.756124980150954196e-02
6.622792375622610361e-02
-1.070749042134679918e-01
9.797209339424045593e-01
5.407293707390882220e-01
3.973704467153612030e-01
3.256069902116487391e-02
4.709840171548415055e-01
7.615709578440399419e-02
-1.049339176325351675e+00
2.395364640459047401e+00
1.502302171715708567e+00
-6.983347291430092030e-01
5.222144793694111220e-01
5.845412024329068590e-01
1.648876460880066563e-01
3.654904137765296879e-01
2.945914793456356762e-01
5.629951954603384934e-01
6.979303560294666253e-01
5.176442233162455997e-01
9.861640969835725468e-01
6.803055279634370178e-01
4.598239160599577602e-01
2.929550331429000565e-01
5.215580499144117921e-01
9.123054883271634052e-01
4.233734472399219850e-02
-1.826755421387865397e+00
8.073036425737804000e-01
8.473730417753927435e-01
2.541971669141766199e+00
1.199178249525263418e-01
-2.451765767765214488e+00
4.917879902918743662e-01
4.781414702017986462e-01
1.362901888574978182e+00
5.447968256445209212e-01
7.020907419785601400e-01
1.599813911725894489e+00
3.113234327478237251e+00
7.081670609038550612e-01
4.904678348878327432e-01
2.081426540819020232e-02
2.966050457605268198e-01
3.845730372096007876e-01
1.278019322275097736e+00
3.138983119125302590e-01
2.021883070561321105e-01
1.129526713935524063e+00
2.815898908144364166e-01
1.240909240877626107e+00
-6.989027492084844972e-01
5.819891048145595658e-01
4.380187429485823181e+00
2.449329134352476345e+00
-1.388224590472873499e-01
8.650185449455751741e-01
5.861676660088568358e-01
1.890180724242019661e+00
1.439147965740650292e+00
-2.746354418884791038e-01
3.905497448758448176e-01
