1.210438593787902750e+00
-2.057551363423895552e+00
1.147905826404828522e+00
-8.295939645002415874e-01
8.430247816655267457e-02
5.205390069131962116e-01
1.815229295064253456e+00
-3.706031378853955616e-01
-1.781869339494748017e+00
-6.714774411350656891e-01
-8.994345638252966291e-01
1.252283822390314549e+00
-8.659741985132149988e-01
1.202250675405442060e+00
9.367117780554701234e-01
1.493791530832010439e+00
-2.111049443741510601e+00
2.749362413358676260e+00
2.299200633057383758e+00
-2.903228790315648400e-02
6.051713247983382393e-01
-1.766502255384138298e+00
1.146269684817627921e+00
-2.282630063347129035e+00
3.222302361406518267e-01
-1.456294103897969539e+00
-5.228705562352469194e-01
1.133740063633302597e+00
-1.890917857398867419e+00
-2.791563209007772439e+00
1.192205251140439737e+00
-1.917013935856418660e+00
1.786991563931854321e+00
2.254826939043800937e+00
-1.337169732454626114e+00
6.811930006971927964e-01
-1.375111972682620198e+00
-2.692438395042035637e+00
-1.699577572987013285e+00
-2.125567204657113685e+00
1.805004015703374654e+00
3.627882374326723558e-01
-1.442741420860309098e+00
-5.555029091197611901e-01
-1.075151539906633813e+00
-2.722717866862289782e-03
1.561852945641729384e+00
-1.635512284160413499e+00
-3.281204673021961948e+00
-3.127898304030808596e+00
-2.870415638135587422e+00
-7.067069826448819647e-01
-5.618261594225339994e-01
7.848449065754181664e-01
1.315878177056714615e-01
1.067856320982154411e-01
-2.302434914838100699e-01
-2.078882987077330657e+00
1.981048843798364004e-02
2.712250327645904235e-02
-1.928876017185283259e-02
-1.002201367261673193e+00
7.585206595989588685e-01
2.277107027729391442e-01
9.577318342716634181e-02
-2.037426803880133086e+00
1.340324570344630706e+00
9.455948071481706796e-01
-8.059994933368878067e-01
-5.175988473585887428e-01
4.712985996795399091e-01
1.680059415385510402e+00
-1.897350090083294027e-01
-3.234186072412914559e-01
-9.591035179825285750e-01
-3.240176113390015322e-01
-1.489901960893019739e-01
5.796009581740910743e-01
6.697443076687898955e-01
1.122544114557335826e+00
-2.194406441653267148e-01
1.373845406411520198e+00
2.906044888459796027e+00
-9.025286289350992197e-01
8.097353846360623164e-01
-1.348030800046555955e+00
-1.893583983404303783e+00
-5.131677348711582987e+00
-1.605949153596154311e+00
2.080327610245312098e+00
4.923020165991094377e-01
8.793544687040417696e-01
3.216758283500893434e-01
1.549487791914540002e+00
1.196489831757052258e+00
-6.067707144438504452e-01
6.240108749119894771e-01
-2.606095318495176727e+00
-6.563077603404989802e-01
-8.100437061077769840e-03
1.990059033570766411e+00
-7.706076784637577726e-02
-1.407786607931060141e+00
-7.769406378667848001e-02
-1.573252404090263179e-01
7.223383050362282010e-01
-2.376828313849936314e-01
-2.169686596852113070e+00
4.484734466619818005e-01
-5.536047072960721405e-01
-5.073445985665002433e-02
-7.085397104913451205e-01
-6.122743871748943523e-01
-7.317471744050627613e-01
2.104789480722577544e+00
-6.458552583143510883e-01
-6.123031748773352101e-01
3.892187919989370526e-02
3.317262242855662513e-01
-2.510453130650960762e+00
1.505041493964117905e+00
-2.320005125221112685e+00
9.882995336283973975e-01
-8.939011553327875781e-01
1.482381556789267973e+00
1.988221696600466881e+00
1.158948567044884026e+00
9.090050195945355016e-01
1.204566992711634477e+00
-3.308903284212771911e-01
-3.769452715449049585e+00
1.999846521027328627e-01
-1.419398855822877836e+00
4.260151582579082552e-01
-2.009913150145475669e+00
-1.075872966025217675e-01
8.709583477456668277e-01
-9.969474210772608647e-01
-8.366858193155899404e-01
8.988187293766531916e-01
8.584934235245150758e-01
-1.109258315584558785e+00
-8.005380159194525058e-01
8.170199747218913622e-01
-7.656645031848363647e-01
2.360904371298508053e+00
1.858888234495219560e+00
8.610881718316497624e-01
2.468206328963173657e-01
-1.669520359284746736e+00
1.394340987186573955e+00
4.441689217930159250e-01
1.631002879403179895e+00
-5.772605622715257789e-01
-1.970359686821829825e+00
3.745559008290255676e+00
-1.824848659413438323e-01
3.942839708288962686e-01
6.660718476933695786e-01
-2.898508158197043993e+00
-2.155080383045792081e-01
6.203288308043167776e-01
4.485824417629331040e-01
-2.126331895958398110e+00
-1.483112169553159054e-01
7.663816008608370645e-01
3.027491967803723316e+00
3.763585101160678015e-01
2.945405499934196314e+00
2.315177416831651347e-01
-1.396595378909661012e+00
2.042673653477769857e+00
-2.128046833367618906e-01
1.392980100949937627e+00
-1.453871883705025736e+00
7.492168405346484317e-01
3.072283144086049411e+00
1.643983844519325332e+00
7.112909421884048289e-01
1.418347045336710188e+00
-6.676312500578188702e-01
1.024936474443497669e+00
1.440150241355332206e+00
-1.511115225117400929e+00
-2.524780629841182567e+00
-3.115144775746486516e+00
1.983170041853157040e+00
9.941939874299167146e-01
-9.512753161222995413e-01
1.698867538489852169e-01
-8.119180029780425079e-01
1.348011407808128892e+00
-2.197911119265906432e+00
3.016218384335211944e+00
-7.058277917669081303e-02
-1.404066115035478735e+00
1.253925421085093195e+00
-1.544220440036810915e+00
1.740588505005459807e-01
-8.073331316048768524e-01
2.594517756543446740e+00
1.654867563825711319e+00
1.309035707094463596e+00
2.409074277142486675e-02
6.519358199578089152e-01
-5.540812466986340112e-01
5.441900343527503736e-01
2.489431709756165567e+00
1.586235856092736984e+00
-5.051740627722475452e+00
-1.248744084728933723e+00
-4.787921713761479126e+00
2.560472687545039427e+00
7.248248391762487364e-01
-9.939946869778132355e-01
4.919436469360702890e-01
1.026111073196425361e+00
3.867459458045624299e+00
-7.816855207620023727e-01
-2.548552379601930484e-01
-1.036064210090804349e-01
1.103227336755324250e+00
1.603431891333972459e+00
6.997864016213972693e-01
1.693602648413337519e+00
-1.610440147827767454e-01
-2.275209422327302722e+00
8.180281604245112081e-01
7.454401586110470657e-01
4.065230200688446649e-01
7.400040283252897755e-01
-5.353937607719656544e-01
2.524980322640765773e-01
-8.233647353557731474e-01
4.309110362446750386e+00
-6.552438293527926838e-01
-2.881782381859168130e+00
-5.306331961020617216e-01
1.695167909693870545e+00
-4.526807958564007528e-01
-7.976592992796056603e-01
1.539660652404279961e+00
-1.193457906556129183e-01
9.020750444871505902e-01
5.787555772310629676e-01
-1.414000849398068915e+00
-1.518434265409553063e+00
-1.666754234938090384e-01
1.416561351712475103e+00
-9.291116031733226421e-02
-5.909788140854077554e-02
-5.118453686902749711e-01
9.635455987642738140e-01
-8.188773495025948312e-01
2.032536977469951101e+00
1.412172012097208329e+00
3.892754347010847660e+00
-1.983202164332130479e+00
2.314807142246204208e+00
5.966409709076637702e-01
6.123681116721355622e-01
-2.750246787896684530e+00
2.812556066954855716e+00
-2.185796929495046337e-01
-1.012422254962713986e+00
