2.759178449087184237e+00
2.431757293054868097e+00
6.328441332591047130e-01
2.180582531470974139e+00
-1.850300056765640466e+00
-1.515023200412463744e+00
-1.896341554425985398e+00
1.230937931780144101e+00
1.288917063083538039e+00
4.910420766966522299e-01
-1.732850448394601228e+00
-1.277018288228133347e+00
-8.519978627823121542e-02
-8.780698904378183567e-01
9.170659917742280953e-01
-1.327655870564384610e+00
2.158798236743216137e+00
-1.115651856985314661e+00
-1.339535120544557145e-01
-3.357309886402791044e+00
-8.005430130807414946e-01
1.628568900879704184e+00
-3.170077732644108748e-01
9.609715479217879608e-01
5.214707174481001406e-01
1.494964475615109034e+00
1.952590413634962996e+00
1.753065883504013600e+00
-2.084097564905326383e+00
-1.726461805022870610e+00
-5.288512273070211656e-01
1.093173345267668628e+00
2.045042811125191484e+00
-1.831172214831717771e-01
-6.926387976304102523e-01
2.616152492191903711e+00
-1.754998132855284165e+00
1.183420638033166661e+00
-1.188920613928094117e+00
3.416333303800708765e-01
-4.466399800804380926e-01
2.412394993827055689e+00
-3.367071436847709709e+00
1.041748500114891840e+00
9.652247059175519395e-01
1.220115502087550485e+00
-3.278124139740090648e+00
2.149934033124651644e-01
1.479496571464939958e-01
-7.392388345613485345e-01
-1.997962320551261994e-01
1.051240284389980184e+00
4.889282168448561006e-02
4.991164943819141886e-01
4.565687644457823158e-01
3.886119357485210979e-01
-1.636329152796953013e+00
-3.658890678092912907e+00
-1.192953970091391369e+00
-6.071236506557158019e-02
2.704007983848196184e-01
-5.232796000974613282e-01
-3.562100156260258887e-01
-2.328551990735001631e+00
9.929906578145994978e-01
-1.235074350736418358e+00
-4.152944868898976183e-01
-1.466294648678264423e+00
1.387279813989981569e+00
-1.603302032527253729e-01
1.235909803152751563e+00
-2.184511748241957818e+00
-1.822418304730426541e+00
-1.178721184668615862e+00
1.340378955720236576e+00
-7.262289288222366634e-01
-3.656458499476590851e-01
-1.002490145949906264e+00
2.366358676665790139e-01
-1.709342532558193239e+00
-1.299689250378249117e+00
4.111532605477701274e-01
5.674778976210754777e-01
2.929675989431378483e-02
2.198362868128229675e-01
-1.591897188970248678e+00
-9.853966840591030785e-01
4.371332725909415906e-01
-2.035010000360191196e-01
9.397424849714542949e-01
1.995089769107130540e+00
9.853737989428317245e-01
-6.981425498169696597e-01
1.192675899796548755e+00
-2.913426028786203492e-01
2.833709884694801229e+00
-2.352007489185190092e+00
1.613548475894830192e+00
-8.545130733606891571e-01
1.742088963903323906e+00
4.545193018199254475e-01
-6.439309682295109027e-01
3.677308768204847200e-01
9.813183062859013317e-01
2.038397962264671959e-01
-1.453269769074730045e+00
-7.485211855235862632e-01
6.483876125689116421e-01
1.080708956402084642e+00
5.342299935193997040e-01
-3.887388510960190779e-01
-1.361592026479358175e+00
-5.267969963200531680e-01
-4.840518279213370523e-01
-5.949055707135710858e-01
1.236547088983558806e+00
5.755995447597009873e-01
5.782158673995076992e-01
-6.728059692031600481e-01
6.721456802159719857e-02
4.537722715086587311e-01
-1.285455676700026917e+00
-6.047094259777011649e-01
1.078543574179963827e+00
1.181743006012593300e+00
1.977093587621200133e+00
8.841075931699299284e-01
9.009907382489286132e-01
-1.613830160275205650e+00
-2.494249720516172053e-01
5.979891454361209169e-01
-2.447181838088867689e+00
6.728506110157743692e-01
-2.512520278961498099e-01
-3.685634898540385285e-01
2.030503190123076063e-01
1.639863206582861110e-01
2.442638888525117569e+00
5.304976830663707954e-01
-1.033514272043623894e+00
-1.282971142001420317e-01
1.893187972044886536e+00
1.371604768584200773e+00
8.857939727270280894e-01
-1.419673334601470049e-01
1.154356141192069973e+00
-1.898983477771561734e+00
1.067321369585234603e+00
-1.276820293713434751e+00
-3.386947641631344652e+00
5.536604830862730253e-01
-1.502009262200759032e+00
-3.868124772756999508e-01
-7.084985652249788934e-01
8.940669671148226971e-01
1.164795537034430728e+00
-1.440227444221793496e+00
6.041874376722998763e-01
-1.308612118726061091e+00
-5.689196585636546732e-02
3.603424401772032937e-01
-1.311782357947943289e+00
1.385132174005321515e+00
-1.469360111140846969e+00
1.755614663416301013e+00
1.350683400279835578e+00
-2.542331500222604124e+00
-7.287859302507266879e-01
-2.053842972931306243e-01
5.676831850392483059e-02
9.858756404758379777e-01
-9.531008056538537998e-01
-1.185800124331589100e-01
-1.083591444410685334e+00
1.117718748952949204e+00
-1.556793372166371814e+00
1.761995751290180712e-01
-8.192064684179736767e-02
-2.049826633961782107e+00
3.716566077824650649e-01
1.680219646302672842e+00
3.715792513457559787e-01
2.867206123189415479e+00
-7.008619588999391858e-01
8.235053736950048719e-03
1.415392203858309994e+00
1.423466061850861664e+00
-1.709521914246930008e+00
1.128949538851816703e+00
1.112798807856418160e+00
1.267613414055248189e+00
4.007321950087650020e-01
2.016890197807412743e+00
-6.635593969613751142e-01
-1.308868392939286807e+00
1.031697416828655678e+00
-1.694043624976215190e+00
-1.170201877927584899e+00
-1.311446412382458959e+00
-2.482897057284721987e-01
2.147588116081271536e+00
-9.148231155467489994e-01
-9.740232624480824608e-01
1.303896637783754642e+00
-3.415805574713333681e-01
1.831020742661603418e+00
-1.155995544059905900e+00
3.359200668552309033e+00
-1.235029262262549388e+00
-2.186630430103465805e+00
-1.487563257999549471e+00
4.095953566629956244e-01
-1.534104458220014289e+00
-1.717064359021990727e+00
-3.131376825103071582e-02
1.192127926319412889e-01
-1.314291632905013829e+00
2.455749710870831770e-02
-4.517670865280176695e-01
-1.624796988720423607e-01
3.344517895439048094e-01
2.282076743827447185e+00
2.490113188142492884e-01
1.043178626582228929e+00
-1.445691043747487248e+00
6.144249095477150036e-01
-5.097403530303828978e-01
1.803349531714301568e+00
1.681851315787077639e-01
-1.029841576997013286e+00
7.875646923281638401e-01
-2.530647029982824314e-01
1.346780689419355914e+00
1.524388936477592882e+00
9.839595655315334088e-01
1.302112790234905670e+00
1.313526156211602958e-01
-2.203958728285654312e-01
1.316459649566090517e+00
-1.471208681888214187e+00
-3.330329197797225582e+00
5.614266760144775992e-02
-1.290176786619790628e+00
-8.394449471295081788e-02
1.258110996298220652e+00
2.702187557994601974e-01
3.560766606136720469e+00
6.083720733134878600e-01
-1.813625421874164312e-01
-2.489495393487719532e-01
4.744555171896904788e-01
-1.110728494751751949e+00
3.246918950590680364e+00
-6.022874105252985499e-01
5.678028046854797228e-01
2.278782239379685048e+00
1.120799646760607393e-01
1.703411512173506281e+00
-1.170792131696160920e+00
-7.257379797902269170e-01
-2.287072391566515872e+00
-3.050028258341670906e+00
-2.830677081338391354e-01
-2.937409945060916461e-01
-1.132796742349289065e-01
