-3.476157519287162434e-01
1.164777454517183175e+00
-4.509140488887430909e-02
-8.116274027667615965e-01
1.774443345545752893e+00
-1.012261137945342782e+00
2.069740218131682852e+00
-3.532736972671295383e+00
-1.786595884705500348e+00
-9.283964176017072134e-01
-1.111223552810918669e+00
-6.795127458938561293e-01
-1.474062947865895978e+00
1.535590486059099646e+00
9.084801617972565468e-01
-9.338377803753172834e-01
1.267009908159872023e+00
-1.496939709671598617e+00
-2.468654693640115472e-01
-3.652861959190841779e-01
-4.289203435879480608e-01
5.493594951738015597e-01
-2.032526296666959720e+00
7.271799299389611893e-01
1.511554905698170970e+00
-2.331899046613409965e+00
-2.013409404991512996e+00
-1.865923264090437073e+00
-3.707532042314846343e+00
-5.145480724423285857e-01
-7.224162394022766165e-01
-9.681201512515729135e-01
-2.412442375982529530e+00
-1.196595811286339295e+00
9.392840732706164708e-02
8.556452974828845370e-01
-8.501236987111987498e-01
2.071515540036743097e+00
5.102796758935449484e-01
-6.734851362186894397e-01
-4.388485941537751955e-01
-2.766707766040464866e-01
-1.377047118414731486e-02
-2.959454594101861069e+00
1.190469395783565032e+00
-4.522551104247913845e-01
-2.286538589040098657e+00
8.877174332000716817e-01
-2.492995021181341642e+00
-5.259477989921970131e-01
1.437212683590127216e-01
-2.889793055287618984e+00
5.276019049800597660e-01
-1.866232923945332578e+00
-2.058237621453929966e-01
-1.138973780364960442e+00
6.117099912843039222e-01
-3.256180324941264637e+00
-1.359841285392628274e+00
1.847650121345095209e-01
7.722507398741818019e-02
-6.860764194217292555e-01
9.492539738861608400e-01
8.516710085350657211e-01
6.022333526247153346e-02
4.556693329066970888e-01
-9.424920807730943206e-01
-3.551066139058148274e-01
1.494413618756985640e+00
-3.128251389530414261e-01
8.796477431250343537e-01
9.708664172732121012e-01
-3.619921403386405778e-02
1.148819562027722618e+00
2.659385996113580841e+00
1.349480441321830426e+00
1.154510486398103275e+00
1.861644469147016867e+00
2.695394288202014543e+00
2.166071255974479914e+00
4.145873594345718338e+00
-1.647150579362498757e+00
1.673121623156880622e+00
1.525045248433031908e+00
1.122208524227960025e+00
-8.174916457580755358e-01
-1.174338667987855800e+00
-5.203835183866951652e-01
-3.593923806198346504e+00
1.252687619714732303e+00
1.919928804497200270e+00
2.308622261020867594e-01
3.494082525077102375e-02
-2.347827958569649986e+00
3.390250865554082504e-01
4.167453796454048121e-01
-2.838494294274677809e+00
1.176925856570302464e+00
-1.412957040320334423e+00
2.330422330177955637e+00
3.333394367639473943e-01
3.197050105773015183e+00
2.589413220403156135e-01
-3.864969833221899020e-01
-1.121987462915704725e+00
1.395107382964449139e+00
1.692805389761459889e+00
1.717728242235013081e+00
1.813728250047386692e-01
3.504654744450592663e-01
1.447168201364368301e+00
3.402889821056852337e+00
-1.685445019203923422e+00
-1.514632183233981522e-01
5.201619315866775617e-01
-8.422126994046646997e-01
-7.550969159698498467e-01
4.033260540120257032e-01
1.645999577066228348e+00
-3.833022407684846811e-01
3.282298747126027649e+00
-1.886492321549410045e-01
1.698871477111980610e+00
3.082904607444611589e+00
-3.566162792614747112e-01
8.077303143244463079e-01
9.615127628527064818e-02
1.838388037178741552e+00
-7.070526510276635701e-01
6.735144962167409766e-01
-7.534164187769095689e-01
2.599780707589969708e+00
3.788224766011404343e-01
-4.154588259610422774e-01
-6.613624728377032191e-01
2.017522998677541590e+00
-6.583443068135422793e-01
-2.895540438257269145e-01
3.359638279836665742e+00
-1.256328491661901303e+00
-3.892036937227650650e+00
-8.809765987914066621e-01
1.224962077051942044e+00
-1.163673075108110078e-01
-1.144445759059085521e+00
-1.943353989751207767e+00
1.890309957277823694e+00
-7.060878565569046472e-01
8.546939140247582500e-01
2.528103815151436229e-01
-2.166924273124577749e-01
4.647411688262432783e-01
1.471936588822180259e+00
-1.156126667367717076e+00
-3.885706443155405032e-01
1.137083898197993825e+00
-1.567457456855376297e+00
-8.866788853890764655e-01
9.832409604684024806e-01
-1.752508170216847128e-01
-4.638618397694405093e-01
-8.053226824441191978e-01
1.075334774585554154e+00
1.380560460359364416e+00
1.137049845869364750e+00
-1.751650656490583158e-01
1.316902228555051568e+00
3.402433433426908793e-02
5.476188808408931630e-01
3.097084134249310061e+00
1.337784603791767557e+00
9.555161278113073753e-02
6.171753879369965556e-01
-1.784173238354824553e+00
4.865663404127738567e-01
2.835232541092771452e+00
-1.017596492227475391e+00
2.947206051774732050e+00
1.110419377302793054e+00
-4.193653337756550470e-01
-1.776620259805719471e+00
-2.161481155440394986e+00
-9.024551405806371385e-01
2.470601019347549610e+00
1.298274799040360028e+00
-1.040827042745139597e+00
6.385034746451294652e-01
1.550290807464550280e+00
-9.734142606990681124e-01
-6.176667842148436671e-01
-1.966028354824834734e+00
1.619090953836436420e+00
1.151605692421431515e+00
5.107164819520293442e-01
-9.996942115157110287e-01
-5.587599497723174657e-01
-4.464636107092375683e-01
1.725786446520682249e+00
1.513768650365679536e+00
3.879712685765751568e-02
-2.652591350519505120e+00
1.727026131737254833e+00
3.127018492865818455e-02
-9.955673075829416518e-01
-2.486415839261517213e+00
-2.017502295881191454e+00
-4.469084647984674641e-01
-1.738931147744144257e+00
2.506032414323323465e+00
-1.720100618340315024e-01
-1.248136587042997236e+00
1.742917725262627116e+00
-8.418730303674446525e-01
1.240996303882454299e+00
7.742140534035593102e-01
-2.006228196988801837e+00
-7.321152499434678829e-01
-4.661665988060924581e-01
1.940918386685378971e+00
1.371758493796159994e+00
2.083907968436020219e+00
5.076207986352635482e-01
5.960446917370917363e-01
-7.283622875927134865e-01
6.130208710406317985e-02
-1.878272994739079493e+00
4.464577538289691283e-01
-9.159939486059243130e-02
1.750141619250114022e-01
5.147022571545611241e-02
1.496284721459963274e+00
7.080514039757082045e-01
3.687792793759978149e+00
1.505101572594758519e+00
5.707430058340279277e-02
-7.060227151590556804e-01
1.050752168905647377e+00
2.631435644283017794e-01
1.191792796509811847e-01
4.671846847997344065e-01
-7.248388474613913779e-01
-1.844877141461717773e+00
1.452542885517662530e+00
-2.332780316674953891e-01
6.243069457027548008e-01
-4.382825090295062731e-01
2.655219756232560346e+00
-2.733609915165414073e+00
2.304253114568694194e+00
3.101477990275677277e-01
-6.857607012477511255e-01
-2.692206941312602630e+00
2.910538436442094423e-01
2.148475020708145777e+00
-1.781458247667937034e+00
-3.994484769065775875e-02
3.949514021733282476e-01
2.083613526483552469e+00
5.446314472652723504e-01
2.664057274552543042e+00
-2.295111336110675193e+00
1.378744486871408936e+00
3.607688663467732426e-01
-5.537885304476393156e-01
-2.822484723028202414e+00
