9.902787984050133163e-01
-5.629245366023690744e-01
1.178437789951333858e+00
2.248521961434916783e+00
-1.800702561730832096e+00
-1.311688871547955770e+00
-2.051526872696133041e-01
1.577606197262715559e+00
-3.670703040565537201e-01
-9.951712668971199882e-01
-6.440251528768659028e-02
-1.543473840784293172e+00
-2.935062821890296547e+00
-1.072216241597692132e+00
4.223829029049257500e-01
-7.531359017515806276e-01
-3.962595315778751903e+00
-5.077592098138783427e-01
-1.014902813840757867e-01
3.079995227180533091e-01
-1.538146358130472735e-01
2.265701850434714282e-01
5.754099665473511038e-02
-7.628092977210418901e-01
2.793850855281767132e+00
2.384854904815818077e+00
6.183090000541965336e-01
-7.464212481424751244e-01
4.863030743810783374e-01
2.340469200955679341e+00
-5.561495217879761643e-01
-1.083210210737352575e-01
3.376588440216865994e+00
2.072363469131086600e-01
-8.029745915032601156e-01
1.352683104677320003e+00
6.018148570725412316e-01
-2.328062700583712896e+00
-1.166097721733475368e+00
1.165745428729529909e+00
6.650404489409623976e-02
3.203036357592295769e+00
2.416826991622738507e+00
-2.240367724580969888e+00
3.023517911489939092e+00
-6.893777891959688153e-01
-2.861643755760649999e+00
1.271048770834123598e+00
-2.061650465620970873e+00
-5.019419106282965171e-01
3.485130965845548157e-02
-1.633932460847435930e+00
-8.079803011777086930e-01
-8.645499087769157320e-01
-9.884804169537433349e-01
-4.585372180112511908e-01
2.119729309694871944e+00
-8.695625749215207811e-02
1.534111611880693227e+00
7.861828599055159517e-01
1.261322675189162412e+00
1.869603650993041821e+00
-8.124490590518715916e-01
-1.282704311273903830e+00
-1.457726107079319489e+00
1.760085541424669664e-01
6.102474479840804822e-01
-1.232744785727279302e+00
4.261086009428094457e-01
1.526005517248931742e+00
2.411726790360494199e+00
2.108298370154209955e+00
1.378419475512547399e+00
8.123282120051400490e-01
-1.208018763289514963e+00
1.248737767726758596e+00
-9.159968940413407701e-01
5.234376772500187736e-01
5.928056146209980115e-01
-7.173518706910360088e-01
1.931103879923234401e-01
1.731430274854244278e+00
1.282982155851643657e+00
-1.151709083461003980e+00
-1.591354597197107257e+00
-9.995463186543618317e-02
4.820991448252736622e-01
9.486061353825634423e-01
-2.181513551163801079e+00
1.748367147013075273e+00
3.616866352866319745e-01
-1.014697819625353326e+00
2.589401563336064527e-01
-1.472775807374141932e+00
7.512669484930663000e-01
3.060968811438625981e+00
1.580091011554476177e+00
3.043397294304338030e-01
7.311292074323351153e-01
8.288901636420721308e-01
-1.033737008524242273e-01
-5.588314475094939837e-01
1.424840569422306302e+00
-5.958782064334816608e-01
3.134488987344173916e-01
5.417595996536386238e-01
-7.302776628056395491e-03
-1.464827665956751179e+00
-5.537243003589391588e-01
-4.814791538660351256e-01
1.622604490711438974e+00
9.999250399512802367e-01
-2.400787430861038629e+00
-1.416517462277314954e-01
1.848437208533238563e+00
2.212198218808959727e+00
5.356130060819450645e-01
-4.906123989735619029e-01
-1.469657129025280784e-01
8.583624987299631748e-01
6.650004270115392746e-01
3.828099562939824452e+00
-7.563944112171107070e-01
5.858428866181755179e-01
-5.657894557926494983e-01
5.743375473920024898e-01
-1.811706998246921163e+00
1.783443502149137050e+00
-1.594785997342864636e-01
-3.956820120726114443e-01
-3.312994138474256722e-01
3.499576746505873026e-01
-1.330147080981283203e+00
-8.497001017401993872e-01
1.113560427477928716e-01
-1.867839601573779706e-01
-2.014081773475189518e-01
-9.562666799880675805e-02
9.700841115822083083e-01
-8.339657669723805622e-01
-1.494426779261832650e+00
1.726798420646576071e+00
-7.482761939160824660e-01
-1.255110275405388442e+00
8.733639789255116526e-01
9.996861102107053032e-01
3.817658305423522469e-01
-2.031560678008388909e-01
-2.060267376845917209e+00
3.539238020606354507e-01
-1.543329167091374909e+00
2.407652367017172335e+00
-1.742917926187698585e+00
1.202884934542786777e+00
2.209319821059303746e-01
-1.441515402991966344e+00
-1.527620288642074220e+00
-4.410512238242563221e-01
1.057203422675006221e+00
8.622482588348034938e-01
-1.431880606100222497e+00
-8.716057325657796673e-01
1.290803014932600856e+00
1.430220253756279813e+00
-8.519386372371902105e-01
3.555373913711251110e-01
-2.604749472854789083e+00
-3.247674032068303962e-01
1.332079641785063107e+00
8.329494052741938104e-01
-2.859815637034869296e-01
-1.144957251119687491e+00
1.904337145569999112e+00
1.110526227916297071e+00
2.901391287146665166e-01
2.900623786097688561e-01
-1.743681567743553984e+00
-1.139424620293905566e+00
9.384428587943673961e-01
1.486819609755066107e+00
-2.281259145988719705e+00
1.017596090883908566e+00
-1.960373251213443524e+00
-2.956620680814024960e-01
-2.884913588324050426e+00
9.223511680029023996e-01
1.052983596773999331e+00
-9.962875982030945377e-01
-1.173952527707830651e+00
-3.537546079143439881e-01
-9.608313877763401401e-01
-6.510258751930813048e-01
5.692222682374420417e-01
-2.297406696748855115e+00
1.227775224911416885e+00
-5.302237069095026012e-01
3.715541799456882011e+00
-1.319533898055283982e+00
-1.514988274285747005e+00
4.386775776614285638e-01
-1.384435132905697863e+00
4.659010516323021656e-01
-1.370830960180755564e-01
-1.048576316347354931e+00
9.925128659968498468e-01
1.277284413875996227e+00
-1.050392788992923210e+00
-2.858474422124177572e+00
9.618399335126106564e-01
1.484806775131997325e+00
-4.665147379813611161e-01
-1.086429124932926538e+00
3.586995230415353841e+00
2.752032611828011177e+00
5.587281135161648038e-01
-4.294480199058219316e-01
-7.346147485446277159e-01
2.069225919853169948e+00
-6.637431130855671046e-01
-4.505928823492322266e-03
-3.089078918997877121e+00
3.949979452244034017e-01
-1.463980793322830376e+00
7.486039570092342110e-01
-1.360057153304176536e+00
-2.492531387131067533e-01
-5.498337959489061344e-01
4.939162081992602982e-01
1.457268062916611484e+00
9.797857520343188353e-01
-1.454158849190200220e-01
-2.985926337645997131e-01
3.293815898706892176e-02
-1.311074133481930915e+00
2.354388305333914300e+00
-6.667740836612418009e-02
2.101758258148708758e-01
-2.183294516783897965e-01
1.758447550707441964e+00
-1.750249205329326596e+00
1.124708871426923329e+00
-2.139301893680144673e+00
2.108509013528992337e+00
-2.791110226407970130e-01
-1.026339920268115602e+00
8.625960792579639991e-01
-2.814410237477271259e+00
-2.595915133455449997e+00
-1.337982830971695680e-01
-2.086190704111986483e-01
3.185003218792313184e+00
-7.354412385952442399e-01
-2.150603089812280211e-01
6.718210387508899428e-01
8.132126624718422070e-01
-1.139524212483768117e+00
2.600776122948748714e+00
6.232395666643937293e-01
-7.590982428238195467e-01
3.139920450961048992e-01
-5.551082998271777980e-02
-1.709618186522595673e+00
9.903356866523189694e-01
2.856865685989567472e-01
1.815075632055053845e+00
