2.578997067286329603e+00
-1.218985755043588082e+00
1.497756095527781106e+00
3.341506353043040556e-01
1.366042147540440510e+00
3.706959475543990246e-02
-3.069512159225259218e+00
1.526380125040024183e+00
-6.067069048293580735e-01
8.513014387837509744e-01
2.136459337404464698e+00
-2.369665716871275585e+00
9.613633816284745670e-01
4.453650881161964059e-01
-1.759701756417416441e+00
2.448344525485856682e+00
1.705088639973184050e-01
-8.419991941920570433e-01
-8.454574992683829837e-01
6.655900845111736852e-02
-6.079166156535423804e-01
-1.495188542003207166e+00
1.271156464278964338e+00
-4.217734259534807961e+00
-2.117591293285772558e+00
-1.253378899335828578e+00
-1.697266195493084273e-01
1.105531153125585364e+00
6.303492768658885970e-01
1.622551653210390077e+00
-8.271739697535754887e-01
-4.439277124827349374e-01
2.528501026970846333e-01
1.373994762882799092e+00
1.288310940190730447e+00
2.028252639514076527e+00
-3.963332554117111883e-02
8.659757123147395763e-01
-8.198032240623268629e-01
7.511951583386493603e-01
-1.304364307860990113e+00
-5.736607270297701122e-01
2.525421603639329327e+00
2.146582596689072808e+00
-1.071935616090094578e+00
1.600093371588426461e+00
-4.293353728075212095e-01
-2.168175939865013557e+00
-1.466898062586798446e+00
4.001243682152367809e-01
-5.038022729499900265e-01
-1.278498301185215791e+00
1.211629753721187530e+00
-2.642906937258552302e-01
-1.893958954529781247e+00
-5.827171105066236700e-01
-4.887407729975308812e-01
1.458046973086148501e+00
2.841976884707401840e+00
1.767114215829987733e+00
2.516226515452691936e-01
-2.416476083092398142e-01
2.421270230029441972e+00
6.647859518269292334e-01
-2.395248971895065360e+00
2.367353277716373050e-01
-2.673402695630787917e+00
1.572769073876065127e+00
-1.095146364396578642e+00
1.551513566050917170e-01
-6.306930826725769546e-01
3.131467042620321273e+00
-2.134969947424139036e-01
-5.389670010485676510e-01
1.078929094440229219e+00
7.283159235803410292e-02
-2.360229606826213633e+00
2.230783929980361346e+00
2.060621876717387835e-01
-1.105790224012831890e+00
-2.085699025195061118e+00
3.037820703097938169e-01
2.118415118830593968e+00
-8.781028296246076725e-02
-3.568476469808643969e+00
1.440832455400456569e+00
-1.643580319762851571e+00
-7.487745297419587942e-01
-2.544468115736555180e+00
6.077079152192679246e-01
-2.338966088508202645e+00
-1.838616843820539914e+00
9.779181305046867889e-01
-1.439009251902677811e+00
5.510746477135702870e-03
-7.376342574184350243e-01
-2.053133207204140831e+00
-1.065056401646663931e+00
-2.881530765737144950e+00
2.264108656440611878e+00
-7.164059372525509728e-01
1.314635029382667852e+00
-7.428921636929308736e-01
5.855382829401813982e-01
-7.962459400396387776e-01
2.214422091920210889e+00
-1.703120112826211230e+00
-1.841758794230487828e+00
-1.501149823984591514e+00
-1.816875104341650893e-01
4.834009505759683800e-01
1.282964381113366192e+00
3.405776764664225631e-01
5.267335549786795745e-01
-1.069812223745242097e+00
1.292762481845656453e+00
3.532130772811192809e+00
-3.630975880817215451e-01
1.066825117521128741e+00
-1.265112376571024599e+00
2.047950823014144106e+00
3.011791059931550496e+00
2.324247698506503035e+00
-2.083667052558539901e+00
1.914931227955634530e+00
5.017736831461308000e-01
-5.361849532946422192e-01
-2.078711696561824418e+00
-7.777836665531534521e-01
-5.478140834744730236e-01
-4.885399343718940246e-01
-4.154779605518914565e-01
1.296248867167412389e+00
2.859549749486196557e-01
2.593995078325688208e-01
2.252262350808345026e+00
1.331604124373806819e+00
-3.211034367062890471e-01
1.138176206315013594e+00
-1.660659914018502548e+00
1.743255851057792905e+00
-8.080453054344995945e-01
-1.032863467740319896e+00
9.501830804952665632e-01
-2.891636952016677919e-01
2.072682135392281300e+00
-8.122324262234020820e-01
5.163933657771889729e-01
-5.375992232644769553e-01
-1.039245328852860695e+00
1.592281812375920813e-01
1.630334579825893027e+00
-2.922720429144307630e+00
1.023361024681066045e+00
-1.145792100431428873e+00
-9.534969047448098589e-01
8.068021186852302185e-01
-7.991147609175164312e-02
-3.645584264693236598e+00
-9.381828042349278363e-01
-3.157493736916046623e-01
-2.461030068347437094e+00
7.530116538373091695e-01
1.139449905071608704e+00
1.085150490294034320e+00
-4.725706678497813229e+00
-1.366369274876267692e+00
-3.596587250424807980e+00
2.365861883888248918e-01
1.533920806418703986e+00
-1.899306554246576930e-03
4.350935810670172321e-01
-4.887618932870624322e-01
-2.461942969174393259e-01
4.580763385042966318e-01
2.712318289851262776e+00
-1.173511542890937065e-02
8.564305118868646982e-01
-1.915194449195502635e+00
3.473838931620964132e+00
-3.739034803381232397e+00
7.110691178765593534e-01
2.079951454576664194e+00
-1.918412798800405161e-01
1.011180127633598103e+00
1.199966519090962969e+00
-4.151299923490194832e-01
1.456718869899007895e+00
-1.083097360127381670e+00
-4.604028855996967762e-01
-3.089115448601203795e+00
8.941639465132817932e-01
-1.321084193568846654e+00
-4.061041265951587653e-01
5.472590922267499547e-01
4.979616041584271624e-01
-3.821562173723129785e-01
-5.897888026520381466e-01
7.645317721416761136e-02
4.490772095205530223e-01
-1.294664992419145566e-01
-1.404100837268692725e+00
-1.467295778544410734e+00
6.469195304801965696e-01
-1.432848073040300818e+00
-1.878353220151455449e+00
-1.064167697179745797e+00
-1.689569181934735154e+00
-1.150859237612528174e+00
-1.684480660041864086e-01
1.020420020908349823e+00
-8.968765056281330361e-01
-1.892828801118556781e-01
2.315902448065523256e+00
-1.160947483781092249e+00
7.004686492767029371e-01
-1.796060904084851195e+00
7.859473937243985908e-01
3.106231890258928097e-01
8.619715633882972794e-01
1.749612826274826283e+00
1.863565924858889833e-01
-3.889786794363377376e-01
1.056582057349683801e+00
-1.152649918285326702e+00
9.354902552969868168e-02
2.354247757751982029e+00
3.937333267155028516e+00
-1.443160746249520843e+00
2.087778603882433526e+00
1.858500688639661336e+00
3.985138787366369950e+00
4.091736984902716312e-01
-1.208960075310123061e+00
4.768231322376912829e+00
-6.113380978384798103e-01
-1.016842423275923224e+00
-1.389873542031413223e+00
3.842966867268972297e+00
5.060334568372463204e-01
-1.107018100590358767e+00
-8.423614553311707942e-01
9.716482898708321825e-01
5.460610311631908242e-01
2.484910681859604231e-01
-1.868100029367980586e-01
9.066688090253779420e-01
-1.593335632182131478e+00
5.208753856168351071e-01
-3.943571536677591416e-01
9.022761238910310677e-01
-3.257651542479554685e+00
-1.857754158113778198e+00
-2.538465717376862330e+00
1.073943461354675666e+00
6.349402108498086728e-02
-1.464210263660813194e+00
1.477777151002965361e+00
-2.181310946462322597e-01
1.495376751606452226e+00
-3.979617319312598323e+00
-4.218214840597456217e+00
-1.141615810339878578e+00
4.470702960113922542e-01
-2.719240827213009748e+00
