1.208661719830109949e+00
1.697845614649851620e-01
-8.609653246500330592e-01
5.460541470702537481e+00
6.855710191019425137e-01
2.899776711880159286e-01
1.053468483979087322e+00
-7.325959984284342585e-01
-9.948997164923314429e-01
-1.461492309634380815e+00
1.980782287343689330e+00
2.818081009518386137e-01
8.083598241826674968e-01
4.727173349880068320e-01
8.383349057564468132e-02
4.802102196219610875e-01
-1.045330145469045707e-01
3.183860541509984099e+00
-4.576523936014792460e-01
5.523569830480362652e-01
1.352880804218038191e-01
3.969328934909690965e+00
-1.138494667832610219e+00
-1.837248004552875180e+00
2.210504034966321862e-01
-3.084641989582528776e+00
2.257378324567115513e+00
2.021047129264907039e+00
1.819095226304595192e+00
-1.988267166244825912e+00
1.404991117570992543e-01
1.533767298756585074e-01
-4.843534017058379049e-02
-6.560646112329109325e-01
1.140154370353717361e+00
3.115475123691309189e-01
1.011414676761747122e-01
4.661219841140423759e-01
-2.824886802872035307e+00
-8.039218549531993441e-01
2.371870552467282511e+00
9.248839879416994592e-01
3.818374973810434447e-01
3.389504698817633166e+00
-2.031506732002583138e-02
1.174664464953896648e+00
1.525097382533320278e+00
-1.391614959390298889e+00
-1.007988644493000407e+00
2.899262672143960162e-01
1.437700572649454889e-01
7.844010309187549046e-02
-2.264551855649890033e+00
-2.301825281699604098e+00
1.226872352570211211e+00
8.413029541632532915e-02
5.739194471521603669e-01
-3.711404289766641329e-02
-9.603589964012182456e-02
1.007501548281206638e+00
-3.740523399041639774e-02
6.809385919103129181e-01
-1.321531323326530671e+00
1.597580105670400652e+00
-8.437292094252709651e-01
-1.092984529576314756e+00
1.097281542946107358e+00
5.078045491999341188e-01
-7.930344656838020923e-01
1.766488970884019460e+00
-5.602707769950182604e-01
-3.757235632429318795e-01
2.302989193071513618e+00
-2.734545299169630628e-01
-4.317876213153383214e-01
-1.949414927607109327e-01
1.390755874803900838e+00
1.160994005792323369e+00
1.292599038019705660e+00
-2.301365897511097547e+00
-1.294942555175732979e+00
-1.288119292961447337e+00
-1.749584810258256740e+00
7.068878540893341889e-01
1.547244709974555210e+00
6.359615530620730262e-01
-1.221435063210528638e+00
-1.831670907700662099e+00
1.332497439973119091e+00
-5.802940948061308113e-02
1.475335376136518439e+00
5.578853086322218546e-01
7.003715156861977098e-01
-1.449310845181154495e+00
-9.946925220832421033e-01
-8.947855930978256822e-01
-1.293817492571562866e+00
5.191656675038582858e-01
1.434442641429487741e+00
-1.684579148833560636e+00
-6.777714614292701389e-01
-3.224462198048390071e-01
2.671316096193276479e+00
4.420671800456825729e-01
7.211018087058228554e-01
1.803188504996723784e+00
-1.141807420579743049e+00
-5.504050626473117047e-01
-1.530731390562378502e+00
-3.100581545278566331e+00
-7.201866205291175549e-02
-1.802580048766425080e-01
1.401618183000335582e+00
7.474756385745852105e-01
-1.448170343822012818e-01
1.039840560403530456e-01
-2.950220446946289155e+00
1.252583073117883750e+00
2.551678204112264314e-01
-4.633820639853891699e-01
4.620438870671014775e-01
-1.139563331819618552e+00
5.114906564727412785e-01
-4.847009463883316105e-01
1.289292581471766841e+00
-1.694799063134799333e+00
3.601608134988005361e+00
-9.289402238124346844e-01
-8.688666233265199823e-01
-5.374307468075063543e-01
-4.360394678194056683e-01
3.347906261814496687e-01
9.683462026081792740e-01
9.877175970235523295e-01
-3.145890661079052908e+00
4.062052382413578577e+00
-6.514244107096869296e-01
-1.405408891881366307e+00
1.433529580593027486e+00
2.124251381630939406e+00
-7.377862166109265818e-01
1.481980228854047621e-01
1.822860125713892998e+00
-1.105461248598602897e-01
-1.155259534653610309e+00
4.637271495074336558e-01
-8.256129146090359638e-01
2.553803852435830635e+00
-6.449905520435174067e-01
-7.940701426536833640e-01
-1.101020723955446146e+00
1.228322875428144334e+00
1.396359549695378011e+00
8.013894341935867693e-01
6.825050847794942310e-01
-1.057928617737081467e+00
8.610726987154490031e-01
1.337121209540299116e+00
2.322456416394933498e+00
1.143680126901505667e-01
1.423208386346887622e+00
-1.646560067062189159e+00
-1.077992013008487238e+00
-2.668316592755740846e+00
-1.088056571290764829e+00
-2.194768797010925088e+00
-3.050756318823244051e+00
6.002606137235513284e-01
-1.656369100132868977e-01
1.571486100043152145e+00
4.182145482983717910e-01
1.027157394817226344e+00
1.748227693622354417e+00
-7.850103350643633515e-01
-2.322866130135768092e-01
-6.250332231600217447e-01
3.002293350774379865e-01
-1.131063123236439649e+00
2.724392827535185635e+00
6.730139272788291382e-01
-1.461568715446826872e+00
1.139281471355943154e+00
2.182092522777660193e+00
2.633720730022111933e+00
5.518682803731991271e-01
1.864640373191128964e+00
-1.584566154850109765e+00
8.130526276665962504e-01
-8.570848168474164419e-01
-1.086332554874061662e+00
-6.760730552970564688e-02
-2.252472831488786520e-01
1.271085681703714387e+00
8.592952603396278866e-01
-7.207922668851911574e-01
-2.145456899099378867e-01
-5.277976463828772946e-01
-2.919062231108298655e-01
-1.381993438362515647e+00
-2.673100587901785730e+00
-1.365670581714069298e+00
-2.699185499422410039e+00
3.021418605621818410e-01
7.186403237633389729e-01
6.855785530499056701e-01
2.835082890133271971e-01
6.518771515072985245e-02
-1.190132958046274947e+00
-1.352060779148275493e+00
-7.039903297957214034e-01
-9.523731090367362206e-01
8.511847626287871726e-03
1.958121758934727952e+00
1.004902652525951900e-01
-1.210108575052095237e+00
-2.358497429510684196e+00
-4.714010178620771097e-01
3.494154791059386200e-01
2.927946229218546526e-01
5.394231327805277809e-01
-1.694415862324976374e-01
-2.112463510774658548e+00
7.718848093688066569e-01
1.099026274336646569e+00
-6.360263409896818043e-01
-1.121235773400209190e+00
-5.814224135360561707e-01
2.261170631685794685e+00
1.696688667020724628e+00
-7.262297571495157644e-02
2.204287122569674739e+00
1.327310260379262474e-01
5.651630528124152592e-02
1.131102061072052356e+00
-6.014984278240536053e-01
-3.291787370237597710e-02
1.733135062342104349e-01
-8.669864164434035181e-03
5.602291767904590269e-01
1.733076470782650702e+00
8.571478052455899777e-01
-7.112118856382841914e-01
-3.671696184138629193e-01
-8.579512192842277951e-01
9.148966527094571921e-01
-3.399404716852059138e+00
-2.854539372106919881e+00
-1.683283252295605159e+00
-4.312287242018041922e-01
-1.839031376317033395e+00
-6.344519087534444823e-02
-2.720184156818651333e-01
1.649679405216141426e+00
-4.061459664739932029e-01
1.045877041339686730e+00
-1.456428044741332195e-01
3.381382240317597487e-01
-1.557731174454079159e+00
-6.794448544231350695e-01
6.543467764429857780e-01
-1.590207489953813891e+00
-1.108431249554836739e+00
-1.204163099738191800e+00
-6.144262399611912784e-01
1.394117456744421224e+00
