-1.396387849798231551e-01
-9.966610767514046121e-03
4.022387559451075512e-01
-9.654601718838859425e-02
-1.587024458693029993e+00
-1.872505339825099924e+00
-4.761584678560386585e-01
9.789312878195624013e-01
-1.765920174103219997e+00
8.633640720194796225e-01
1.873271314575718272e+00
-2.939364719239790258e+00
2.858767658331536232e+00
-1.328415888346457407e+00
-1.435866729641915640e+00
-1.957154790349709739e+00
-1.984700582529346446e+00
-7.769162079389246855e-01
1.873383055313879719e+00
4.405463920275413114e-01
-2.200824937492328104e+00
7.664002681272202855e-02
-9.646726622569958831e-01
-8.165142649730811053e-02
1.649971930310695667e+00
1.032699443858837940e+00
-7.160030538810708833e-01
1.351945187765237533e+00
7.894646601009324138e-01
-1.409868010818867479e+00
4.022578680385893724e-01
