1.525880172440813309e-01
-1.148903017579963493e+00
9.007102159400195429e-01
-1.778271314989556817e-01
1.679994388859830545e+00
2.214999560902230158e+00
3.545745152061585692e-02
-9.962293739170211548e-01
6.220789743396917260e-01
-1.122245278204301311e+00
4.151011099070607280e+00
-1.123078239425398417e+00
-8.470245968437707385e-01
-1.025298212091315248e-01
-2.394448229173868015e+00
-1.561878079872028646e+00
1.429017777298551284e-01
-7.367658636336941180e-01
2.108785066990643275e-01
1.868385144665491993e+00
1.592682375052454802e+00
1.589053821119230436e+00
2.291340743853989892e+00
2.140071471820914617e+00
2.350291510544599005e-01
2.811609577257825787e+00
-3.650314269217019625e+00
-1.449715851638333275e+00
-1.475504352988190604e+00
1.094256246619627476e-01
1.199263014441059649e+00
