-1.631400714659581475e+00
-9.002593530493214757e-01
-1.531106842781358779e+00
-1.729104660824162254e+00
4.208786387125742934e+00
5.685990159693441459e-01
1.696699372335256362e+00
-2.441700445389049623e+00
3.556699780255748955e+00
-5.363012731174549019e-01
9.098369298283689455e-01
2.531190288814342271e+00
1.989156593799251471e+00
1.570234535548042043e+00
-3.274116854716008218e-01
-3.836966076667741588e-02
-1.668163667466931122e+00
3.682098137721740994e-01
-1.560297109231519874e+00
-6.517185289096694145e-01
-8.013785105123613084e-01
1.979758973406061107e-01
-1.512690308222672808e-01
6.253532702982206315e-01
3.319622588140746511e-01
8.303300340800163770e-01
-1.550853278873156160e+00
8.824564649540417305e-01
6.603143858098140528e-01
2.301753148681230154e+00
7.597666146102601825e-01
