1.220879585852612248e+00
1.115705939238942346e+00
9.727620589201719792e-01
-9.390334599607375043e-02
9.570799468954651612e-01
1.708053134426674280e+00
2.626452968903168372e+00
1.694710639808284069e+00
1.617974477978969539e-01
-9.234884516587005265e-02
3.286208498592774196e-01
-1.247848045572540254e+00
-1.169361503046121964e+00
4.170993512341683029e-01
-2.784173346043456565e+00
2.229150627294668396e+00
1.870540259817166096e-01
-9.648650158106160113e-01
1.033949195152385148e+00
3.208306144080821931e-01
-1.226341579767534995e+00
-2.640205936610662274e+00
9.375430748508704060e-01
-5.676803060543659241e-01
-3.215425520828516515e+00
2.004456960382287711e+00
-1.291654870405079536e-01
-1.014655127320901018e+00
-2.208305005090184014e+00
