1.510089552563365078e+00
-2.857443640860967138e-01
1.017380493133955177e+00
-9.351874990163591139e-01
-1.353792928196950962e+00
3.226791866769970873e+00
1.864966206449363728e+00
-1.327382899548569695e+00
6.639961966236035407e-01
5.965329703662893834e-01
-9.979379133454082673e-01
-7.870833282904571293e-02
-1.478350217309668535e+00
-1.115082601486738767e+00
8.938438674479523005e-01
-2.735957604883003658e-01
-2.818241546460543034e+00
8.131188774271355113e-01
2.451729494948999388e+00
7.656815202433884249e-01
1.292538546056773763e+00
9.648232763128726797e-01
5.684420703168556743e-01
4.887284744222234467e-01
2.050875401476469406e+00
-2.780782388146314510e+00
4.343952343724601928e-01
1.556410386285041192e-01
2.271156947903272272e+00
2.110094962139037911e+00
