3.836517584803000869e-01
5.670062557188305652e-01
7.608763225174781653e-01
-1.211701252458994071e+00
8.142283224231173788e-01
9.590109645735062083e-01
2.754177137243875695e+00
1.134842871808386722e+00
-1.390565473695107856e-01
3.077397222457438075e-01
3.743804200563844997e-01
7.626224533238445957e-02
-5.102142640357321124e-02
5.064205711532401288e-01
-1.162863377625518835e+00
-9.492869110142909683e-02
1.692107612145758999e-01
4.348833717914146746e-01
5.819686760078457421e-01
5.292753612785094930e-02
4.463740384333984013e-01
3.504717597306933330e-01
3.559933319801298346e-01
6.443391214892085772e-01
4.142930054564206710e-01
1.502709263056647426e-01
2.338487731988430074e+00
6.997472433804097225e-01
1.312437230425518297e+00
1.470071607574578998e-01
-1.670731530524927066e+00
1.023084147523266152e+00
6.355582356284675272e-02
1.239680311122904888e-01
8.307235460176998210e-01
-6.930842515841173501e-02
8.527561272723038766e-01
4.632740351083605157e-01
2.360579704125527201e-01
-3.975057103114731927e-01
6.583539729756049397e-01
3.011972487898579298e-01
1.497685833927376864e-01
9.325363005865886512e-01
-4.102979913372137855e-01
8.200435604779112708e-01
-5.163916406929123237e-01
-7.428910154115987430e-01
2.399786956491519740e-01
8.873849932003308183e-02
9.357307302786997960e-01
1.954752180294794250e-01
2.875186330733172646e-01
5.575305465523763132e-02
9.332062958341760250e-01
4.769190571807316870e-01
8.626743115667447892e-01
9.162293986185656713e-01
8.943515822061730569e-01
8.952077594236422797e-01
8.502110925115079487e-01
2.719092145773206459e-01
5.615409738346436308e-01
1.448599321827742648e-01
2.431247733845535441e-01
3.756046214256578697e-01
1.580640942139937000e-01
4.376583085988824395e-01
9.139608108640884243e-01
1.989992121067716280e+00
1.201284761387295674e+00
-2.082071807210685854e+00
7.723705398115104925e-01
1.098639200563882312e-01
2.224248223448869188e-01
2.287498150971578603e+00
1.505339977703228804e+00
4.802087983588291809e-01
-1.394357153228198865e+00
1.326628187588067664e+00
6.555134170212780775e-01
5.099922485176837661e-01
4.700085459428963164e-01
8.598649089523212607e-01
2.159619481915773687e+00
-4.775936024169952221e-01
2.283314806542895870e+00
-5.340461563159152325e-01
4.993087249107933667e-01
-1.870618514599580839e+00
9.466928058528435441e-01
4.244787569703031060e+00
1.909873324401484274e-03
3.322596361201431980e-01
-1.004831201062603707e-01
-2.221591691787407896e+00
5.096855151608485901e-01
-2.490473298481005182e-01
-1.393833558075755485e-01
4.917207686144992040e-01
2.480007575524305619e-01
9.966231364757311972e-01
3.082093442533508920e-01
1.300860831100661974e+00
2.384501803254555075e-01
2.257256473522425422e-01
7.476821420617774105e-02
5.910473719659484759e-01
7.345849562717210457e-02
4.997718126786423465e-01
5.149216975407414632e-01
3.193803378875963439e-01
-3.896919675506768099e-01
6.182487971502115265e-03
4.342934674249568916e-01
3.878992460748559301e-01
5.886124228265701142e-01
5.881839086861238020e-01
1.241729452748078000e+00
4.307639529663226385e-01
-1.598969106691175424e-01
3.012388638759024406e+00
-8.609638456316337507e-02
1.049751349435057435e-02
5.471698083365102994e-01
1.096202278554609943e-01
9.992189127919758329e-01
1.484655386186140569e-01
3.299619343691428952e-01
1.553425362795807452e+00
1.982857275932037866e-01
-8.575757880734125038e-01
-8.165942997318035301e-01
-6.884794548166039974e-02
-3.730437450792492005e-01
4.267715764961771407e-01
2.835368404683556331e+00
-2.719180551330872220e+00
2.005329199284100916e+00
1.821383829823435274e-01
4.707555742448110703e-02
1.434380702689736387e+00
2.296623705941413185e+00
3.490032108843985625e-01
1.325383137878953344e+00
-3.318627469791701756e-01
4.105794208027434555e-01
6.196830833927224891e-02
7.289726391172455244e-01
9.057833256847167558e-01
2.507864638697870241e+00
-2.218793023723344415e+00
1.115648957761911086e-01
1.462454395318871558e+00
3.780760661149614177e-01
1.602364493570659909e-01
1.636123165933769386e+00
-4.066116533130527122e-01
1.217401727910776055e+00
1.438812456194324962e-01
-1.192482383369154908e+00
3.711571596063845124e-02
3.353875361035930425e+00
9.851481994687817378e-01
3.593179026646284857e-01
1.377181503216143854e-01
8.889699101652550617e-01
-4.142038079226938452e-01
1.442103086880087703e+00
-3.337054488823046894e-01
5.987337277355384568e-01
7.193808242826295052e-01
-4.519473432693477122e-01
2.398217146244150833e+00
2.419935172503007159e-02
1.774699294511314918e-01
-1.759413004244200440e+00
2.526493762369700358e-01
3.138047220203956655e-01
1.504010498300706322e-01
1.604697471926493257e+00
2.279020965664579013e+00
1.416489854041000918e+00
-6.871109248693549887e-01
2.349870887891136295e+00
9.023067445853141244e-01
9.398740454682236178e-01
1.398954718044163936e+00
3.024426239804219874e-01
1.047443956273306664e+00
1.199574776076244964e+00
1.785520597269659726e-01
1.113078601163853598e+00
-8.523304370728369550e-01
2.690006836885312502e-01
9.297944640728622590e-01
5.195903420783785087e-01
7.324199583892021526e-02
-1.930578623527953175e-01
1.329255806640322835e+00
-6.411065440411680694e-01
1.724982764241428379e-01
1.974721816606965774e-01
5.725945441592890095e-01
6.152538255447490556e-01
1.400222833748655527e-01
2.936601913829100852e+00
8.665023942131437895e-01
1.546706195487015822e+00
1.347568128673063859e+00
-4.158452765836894716e-01
1.645648852525396943e+00
-1.397363437678946330e+00
8.155638313753528212e-01
-1.173411400431386697e+00
9.674325826807468331e-01
1.794397789589377457e+00
-1.494684537280100978e-01
1.869982397827096854e-01
3.317339338354242662e-01
8.858879124780291159e-01
-7.410469710853643255e-01
-1.035053782133336764e+00
7.746968509796515745e-01
5.137177000906171243e-01
5.508716892538711996e-02
5.383080389237455687e-01
8.819898761513113028e-01
3.880759713890243878e-01
4.897533452905176166e-01
1.032468974671870265e+00
7.054116888754695669e-01
-3.126970280424701265e-01
2.911061644029466766e-01
-2.584273576215960766e+00
2.223958680044125114e+00
-7.625239119556582734e-01
-9.434056323512259867e-01
-1.422951769048038106e-01
-7.528287837558234052e-01
9.334637692756059257e-01
2.372099116437363930e-01
-6.102798972336256345e-01
-4.667046050392176237e-01
2.048939266163224693e-01
1.118788139263279469e+00
5.249570032585325619e-01
9.921208461341755047e-01
7.770157968879672916e-01
1.747620235267608457e-01
3.551017964983587127e-01
2.950370613103014961e-01
7.006343189778982961e-01
1.272499359358653548e+00
-1.373520396885835604e-01
9.604821179923151986e-01
2.135771740708006794e-01
1.271543422813759427e+00
1.350299795796796598e-01
3.908748926360967602e-01
7.432874002397044100e-01
7.132430507053677537e-01
6.571355419103759310e-01
2.867762938520869165e-01
1.513937649703715582e+00
