8.357625871233322901e-01
4.952153709550273231e-01
1.433008210324343557e-01
1.359427818561898871e+00
-2.454008231145532459e-01
-1.065195806405788037e+00
-6.829015728969126675e-01
1.382656307842057286e-01
4.396102261825504121e-01
9.964449070967962285e-01
2.922634679785880429e-01
3.586559079848389286e-01
-2.006492631390166537e-02
3.208908717917298148e-01
3.393750228028969973e-01
3.599590021598821910e-01
8.667429695801864842e-02
1.035307338684311018e+00
-2.207289599765011268e+00
5.417392090159678375e-01
6.932814731913098383e-01
-4.963528878717302639e-01
1.283030926368551761e+00
6.159031360739852801e-01
-2.186573030629681558e-01
4.776498299520688939e-01
3.839855506275182684e-01
5.246789199497697842e-01
7.424268898414398965e-02
7.195415022912371450e-01
5.425380763955716112e-01
5.436969260580026830e-01
3.588916768285481673e-01
5.683384038033719721e-01
8.178929287577958451e-01
9.706720638642222232e-01
6.621517850865934474e-01
7.470073262294507632e-01
5.872788361050722550e-01
5.961453442887775234e-01
1.722167009942480842e+00
7.113065775234832522e-01
7.364990920729038715e-01
1.230311579251703868e-01
7.276242985686767195e-01
6.314735487530999114e-01
7.150922177275452762e-01
2.532040954679620759e-01
2.597739388337930500e+00
9.049821058521770878e-01
9.979355899922822681e-01
1.342392269038868546e+00
3.515749410290351928e-01
5.482214104452733938e-01
2.360390554056098544e+00
3.362075145758065542e-01
-2.314202225366054355e-01
5.476917109409331630e-01
2.346810626689403434e-01
6.854373779176373693e-01
1.832103082013132322e-01
9.965249424127120559e-01
6.050968807817546091e-01
6.870213672110783154e-01
3.689924249571343573e-01
4.872703072492915455e-01
8.217603792331684698e-01
6.280681586533984895e-01
6.405681619751270039e-01
9.034173131155786018e-01
9.650094413709016106e-01
9.299919267912949428e-01
1.807383826564205043e-01
-3.453354886581296024e-02
7.250890505122447038e-01
6.682974441536237986e-02
9.870736873118339805e-01
9.320918038590635391e-01
2.380459172211191188e-01
5.161533693015059043e-01
7.326932777789623152e-01
6.151094822785364569e-01
6.145888345362202632e-01
1.301841672436459429e+00
7.668256167505912435e-01
-1.282920254156852957e-01
2.070746755825967789e+00
-2.604071064830171256e+00
9.674831404152773873e-01
5.204375617644909635e-01
3.468264405818952678e-01
4.417095714580786536e-01
3.934343796941631721e-01
4.171189947330792291e-01
8.736264612872330915e-01
2.845521499716884284e-01
6.433037701359300975e-02
8.776806537480951187e-01
2.633608172340462517e-02
5.398951845792624438e-01
7.896358144446958827e-01
-7.983841692813391511e-01
2.902344919588222272e-01
7.691948536096266942e-01
7.799443756646229353e-02
7.460234261492475483e-01
4.437689122051273749e-01
-1.086032966969113112e+00
-1.234943457324052307e+00
7.052106964852697946e-01
8.609725397092159449e-01
1.260869299374721697e-01
7.732009525170496778e-01
4.225565326771675290e-01
1.111146237889149013e-01
2.067489896906639757e+00
-2.748226241560024263e+00
6.671871411064723700e-01
9.313220756481827012e-01
4.560273329119057806e-01
5.576707111538812267e-01
2.694614729884471371e-01
7.403960090955468143e-01
5.475611223262955018e-02
5.584600091674934985e-01
9.244928235639563452e-01
2.551939793446877935e-01
9.226231616014588521e-01
1.544173078230441476e+00
8.738365754777122074e-02
2.509794107796984308e-01
8.537005419077634549e-01
2.662579697493903108e-01
-6.683612695511416124e-01
5.541958218303896233e-01
2.746511929126903784e+00
-1.121401509355137716e-01
6.111652086778980308e-01
-8.289188520976987773e-01
6.702331301808326369e-01
4.631529782557604058e-01
2.144626782583403113e-02
9.656748193834276961e-01
2.467474976150025867e-01
1.710221276640468968e+00
-8.437014583371281740e-01
3.917804603237118322e-02
3.048458562013361961e-01
2.574679314452956280e+00
2.597871799136314275e-01
2.351258525022503765e-01
3.964317540894823910e-02
2.240224692241342019e+00
1.613594797545639947e-01
6.088645169020188153e-01
5.657600519152499174e-01
6.826011309136188476e-01
8.947216934907228358e-01
8.903721230327577008e-01
-3.612910612170644464e-01
8.535200218372721581e-01
7.879803555751548894e-01
1.783265007960417314e-01
1.830273637178310819e+00
4.470134005279741141e-01
3.394648661324916272e+00
-1.111975133896195178e+00
1.695839484173529144e+00
4.666026490239394420e-01
3.570995367350132677e-01
3.387536252938472825e-01
-7.458231400089920804e-02
5.234975280621474436e-01
2.261239046434506239e+00
1.726904589791579792e+00
2.471784459268626666e-01
2.961595069086505383e+00
3.715325542795391289e-01
6.807743263073435802e-01
3.364582376489002602e-01
5.393437464854045071e-01
5.099183064862468084e-01
7.544039224714712555e-01
2.386682432401822096e-01
6.394424597243481348e-03
-2.810726671364569551e-01
3.187596698510617443e-01
-2.243600289715304008e-01
5.927805904091768552e-01
6.304549801288624744e-01
2.586273328215997758e-01
-1.313632669840790745e-01
-8.327753243044333509e-02
3.050151861154595245e-01
5.997937311232328650e-01
1.573498025120627641e+00
1.091264562771941948e-01
2.886696617397783715e-01
9.950966488667116749e-01
8.370372901501984542e-01
4.439515059870461355e-01
-2.718201210337256590e-02
4.670655204543572303e-01
-8.479644964878033653e-01
4.958829550948192777e-01
3.739656891191994736e-01
8.477713351443916245e-01
8.634363596906021732e-01
6.216880399514772559e-01
9.220925777101914855e-01
2.225113210299994204e+00
9.613651827412987849e-01
4.786217402425330114e-02
6.329429333407584624e-01
3.042601749404422740e-01
5.551641563731605222e-01
-2.225584866448271359e-01
5.576999942284677214e-02
2.148589833750158551e-01
4.295134260785636870e-01
2.881592059868874900e-01
-7.872986838044967461e-01
-1.491863549265803446e+00
3.913816316826348451e-01
2.625675745719682208e+00
9.324620633038994688e-01
4.488479409958144872e-01
-3.565059741915032610e-01
3.367281839493661000e-01
5.806051300777107516e-01
1.181824400105210282e-01
9.660872271958198532e-01
1.499009682954710598e-01
1.666536030662924439e+00
2.729462451073689344e+00
5.659973299155227622e-01
6.819841560726643825e-01
-1.369239779910897292e+00
-1.686600363355031940e-01
1.421621363812437089e+00
2.060901586845472533e+00
-5.448535121239714840e-01
3.895139259965442191e-01
1.494223552274477118e+00
3.286933686523624831e-01
9.311842168410708886e-01
-1.996346549630807932e+00
7.497460883115345531e-01
7.475166998883764347e-01
2.044433051143700553e+00
4.224517870157241672e-01
-4.062028760311501840e-01
-7.561042340600396816e-01
9.834771928243153383e-01
9.872312011847965696e-01
6.900023642458422701e-01
6.054009031116276418e-01
6.490073762131414181e-01
9.802831216718753682e-01
1.565222222291295928e-01
9.710496725827655329e-02
1.524240355849658002e+00
6.346841626357714317e-01
3.435235459143266556e-01
9.835454402266569085e-01
