7.444906876799857187e-01
5.203252259829606041e-01
1.450590997518034664e+00
3.353264698140664413e-01
5.457198433323864339e-01
6.594559720392934032e-01
1.943028070839766253e-01
7.371650388596000525e-01
7.295117707995341094e-01
4.520468434841403704e-01
-8.548962634881630551e-01
2.776372647150452178e+00
-2.497118648901975879e-01
-2.863794017144006832e-01
8.068647835652079658e-01
1.656459373834982429e+00
1.891201106488274775e+00
7.914603314456502003e-01
6.923514265938567336e-01
-4.272704059361304152e-01
8.791591792344084499e-01
8.675450911948958677e-01
1.007667590647193245e-01
2.049909054244193118e+00
2.036975509641133719e+00
9.652287304780607924e-01
6.570994919208091867e-01
2.183582560345064927e+00
1.879330436924998571e-01
3.831525478570976251e-01
-9.475410842507865361e-01
2.349794793345570731e+00
9.597120294655470119e-01
5.999981807680596635e-01
8.475448577986415266e-01
5.614812507689722620e-01
1.744597841532673943e+00
7.710633371574334705e-01
8.263278646448825038e-01
5.303337979471645092e-02
7.663975658264817747e-01
-6.514038384803538806e-01
9.390679376096463526e-01
4.051579593579858196e-01
-8.885189476105300743e-01
2.248426624806427743e-01
9.373455831701609231e-01
1.883757804039210004e-01
6.065502026684719272e-01
2.457231475153622391e+00
-6.600902908458508578e-02
6.465073957650512293e-01
1.240247060436955179e-01
-8.515161933539864281e-01
4.794475035181744449e-01
6.579051510704529981e-01
2.037732479760620663e+00
2.880810216199893026e-02
-1.684236297380327985e+00
1.208145917080864606e+00
-1.245668249682473139e+00
5.317939819075881980e-01
-9.628395370037547973e-01
1.043218420164728988e+00
-6.521526897279545931e-01
3.774959484088232786e-01
-3.258343656598961857e+00
1.571506288130144036e+00
4.284972743568914444e-01
1.420826300459543390e+00
-8.769655867853788367e-01
4.675988410263201001e-01
7.187939734297275063e-01
6.969899972659517884e-01
4.732295782127406980e-01
-1.205726243482778126e-01
6.880235211518089811e-01
2.478800031536715354e-01
3.324350078106766970e-01
4.016073146229708346e-01
7.032220950357999101e-01
2.214507471142213024e-02
7.064446682956138091e-02
2.204398830447341640e-01
1.090608749157486512e+00
1.276076376541495083e-01
1.403655637215924790e+00
1.307062785008974437e-01
8.970095946385714392e-01
1.681913534925261189e-01
6.075175009099212931e-01
3.659850285632257894e-01
3.121241902847599059e-01
1.003509304961547333e-01
1.280112027243953676e-01
6.920531353449591583e-01
-3.183761512199636545e-01
4.533742947910471832e-01
5.609996187178504234e-01
5.220530326878007887e-01
8.116409997617917149e-01
2.927065955732111036e-03
7.104881154702080703e-02
6.018918890694280321e-02
8.632375088224886195e-01
3.076526955218362724e-01
-3.644775894997511756e-01
4.241997460667726871e-01
1.435671525139583737e+00
5.233288894542142966e-02
1.028720444931625844e+00
6.493816935122125322e-01
1.319416946727132611e+00
2.693901202747694956e-02
7.608948003559975470e-01
8.394027026437584915e-01
1.201956143173915637e-01
1.281421503418338492e-01
-2.281802379785636603e+00
6.809891650192108070e-01
2.149531233507894212e-01
4.077084384151803409e-01
7.893823890378092178e-01
7.755086059841633794e-01
5.233295750067449292e-01
5.487174615881670325e-01
6.625462638825765360e-01
-4.771156259170582503e-01
1.046367732033337994e+00
6.671244903901832890e-01
9.757346111955798040e-01
-1.511692665825567161e+00
8.569985759525967639e-01
9.044511088285577260e-01
7.505758304154552807e-02
1.874531513121269199e-02
1.895928280919159548e+00
3.238269437978604781e-01
5.073629887773737357e-01
7.012947161074105651e-01
-1.351357115845714052e+00
1.567255746589656384e-01
1.646792341444405228e+00
5.544011705400619938e-02
6.803053997195032121e-01
8.853524419175665683e-01
4.679996044755287965e-01
1.351065458487960003e-01
9.948105329662679797e-01
4.359729749706723334e-01
1.148119440192882479e+00
-1.865508528056927018e+00
1.690960291763862200e+00
5.464627326671609442e-01
6.546597956123760831e-01
1.412392322805815947e+00
2.384055161780249676e-01
7.864537604503181178e-01
1.595365035365404527e+00
2.653892075963854014e-01
7.558223729314120787e-01
4.637533300813190262e-02
9.736167123498984388e-01
-1.058559859918661861e-02
6.360858394112609560e-01
8.469934437931461169e-01
9.740230735056142342e-01
1.340996865755355261e+00
2.588196181257206852e-01
7.842487081022035955e-01
1.925765182407268572e+00
1.455576746402831301e-01
7.204758641463565594e-01
-4.612063412999954926e-01
1.626408543085695380e+00
1.684254354294186795e-01
8.729245895095566476e-01
1.001130714830672286e+00
1.604666398613655343e+00
1.104280163176019736e+00
9.671108986257564988e-01
9.706873170302966480e-01
-2.034990947764617752e-01
7.362513760574065369e-01
4.369894523754728199e-01
6.190125708102227620e-01
2.871689153036139253e+00
-1.187144273081209178e+00
2.481709631363460122e-02
-2.567053100170963442e-01
3.129653270889514172e-01
7.602907754046850375e-02
4.734284224669940144e-01
-1.032108076384763429e+00
-2.012728883644474109e+00
5.018733954923484397e-01
8.189510459173360291e-01
-5.363688182635091284e-01
4.609340621851185649e-01
2.315674307441878410e-01
-7.108417549848018435e-01
4.642236615300303626e-01
3.587924832808777609e-01
4.878282593226113129e-01
1.716143812409486991e+00
1.077328435073437340e+00
2.358031556754049962e-01
7.869464686516959295e-01
2.548696403883280226e+00
2.730151564988435808e+00
6.421403620236243448e-02
5.493162176076596959e-01
2.221811808851480663e+00
4.226665415964361294e-01
9.377168187421874856e-01
2.170463610320645387e-01
3.329304757753562827e-01
1.095334955872842908e+00
-4.465818533094672027e-01
9.296215783898176266e-01
-1.151353408379919285e-01
8.310487588145971660e-01
-1.372121787086689082e+00
1.677340908392029650e+00
-1.161701448881773846e+00
1.156466209185764260e+00
9.269596665590894569e-01
-1.695532841126191070e-01
-1.449654524980008574e+00
1.245522772511477250e+00
-9.482342336870486221e-01
9.319294627114839136e-01
4.524341103686210230e-01
7.515527614840648019e-01
6.874865973791309814e-01
-3.370047031397919723e-01
9.852046467859787438e-01
4.097775040812183800e-01
7.710299443180558265e-01
-1.792641155529771879e+00
1.259151837969836540e+00
1.870701043420283316e+00
5.592461946646278825e-01
3.224846672050463159e-02
2.457904127584510601e+00
9.452174011671492515e-01
1.486101780837679465e-01
5.324189402792545156e-01
4.819939355826778904e-01
-3.209667738936926806e+00
7.489684904180471392e-01
1.135401813735730236e-01
5.513613697532279145e-01
3.310519592877607664e-01
1.540559447662712689e+00
-1.478976961871447671e+00
8.648720416518589360e-01
7.727621850048806973e-01
4.401595173543360051e-02
2.568415740794823821e-01
-1.652903491048751450e+00
1.140197156236220755e+00
3.083456594082923941e-01
4.855614455510767202e-01
-4.999012685923059918e-01
