8.110888488987023637e-01
1.146837257464121240e+00
-4.373970960420819898e-01
-1.930740065820628182e+00
2.904519686803440637e-01
5.097738977673091920e-01
2.575332775306266253e+00
1.169660915341573570e+00
-9.830101632842439541e-01
3.250341719543811791e+00
1.674628854155327584e+00
-4.369683253737056683e-01
7.154300118899846739e-01
-2.229418199906289644e+00
3.686783084419463119e+00
1.786280128415650204e+00
4.915844296074282083e-01
1.365483616724545435e-01
-9.438883362248288167e-01
6.579927476473872439e-01
9.017990123096925048e-01
1.675693377656396255e+00
9.906164110322528416e-01
6.708099365613198195e-01
1.419034181803891181e+00
2.153469867311602615e-01
1.621846789893478746e+00
5.690129332372504400e-01
1.206500026234937906e-01
1.667365229221279277e-01
9.841095910617813081e-01
1.800928421747182373e+00
5.248908440838480072e-01
7.839121307437008079e-01
2.290589841442819963e-01
6.234502944788762324e-01
-8.205534512622895127e-01
1.752220429897502818e+00
2.747845776642102722e-01
8.171935406369651433e-01
3.133279641908759405e-01
1.497136444725719606e-01
5.621559284770094589e-02
-9.628496767946636004e-01
-2.886311712327016554e-02
8.972901798210097812e-02
-5.253275861405743985e-01
2.836285909613839307e-01
1.296444430996175345e-01
3.733959417374797529e-01
-6.520476809467155022e-01
4.985613854597928385e-01
2.556989192477270301e+00
6.670147734585147870e-01
1.467396157784009780e+00
-2.140074279487273134e+00
1.269547678297701543e+00
5.626649395839633527e-01
9.459773583097076388e-01
7.824696168617062408e-02
2.308699580451675226e-01
9.160324718954806489e-01
1.140227030689303422e+00
9.219379829897063061e-01
9.129487211884010911e-01
8.713143083065055805e-02
7.654134418235413184e-01
-7.227678370189856150e-01
-2.283855753137680633e+00
4.109027786178414132e-01
7.664183464884377628e-02
1.384565923789027098e+00
4.109791491021703713e-01
1.464014260616315344e-01
1.588011111115615881e-01
2.029793536097646900e+00
6.325254276889903382e-01
4.937150021162317604e-01
3.443900926462166723e-01
6.430018505496929437e-01
8.428145446789393480e-01
1.664600199407414660e+00
9.056808941814420422e-01
9.202206321617982798e-01
5.402136776062712586e-01
9.244074200110645734e-01
7.216887335952734128e-01
8.497328264463107628e-01
8.647697433501975173e-01
2.002146283618414513e-01
6.914650688898127395e-01
3.745118846028923087e-01
7.854388964415227603e-01
9.077486325190379235e-01
5.415192966607641489e-01
6.601077518380560338e-02
7.289234304309905044e-02
-2.827937669111280083e-02
2.687249249896405123e-01
8.530935500214208433e-01
-3.462872445272646704e-01
2.533763600159798290e+00
-2.165454104872323260e+00
1.094315391535443549e+00
8.523841584496935075e-01
2.889752877963393640e+00
1.356633308515364789e-01
-2.590990051828083729e-01
2.611482449350376100e+00
6.876959408154822428e-01
5.096247554311438277e-01
1.803642589071069890e+00
7.706441620600913422e-01
5.682278044930494376e-01
-5.423014989243126749e-01
5.955068669072867138e-01
1.722724295915646353e-01
-4.494011000534978706e-01
2.278172924548716338e+00
9.222782893067278387e-01
1.492548862164379431e+00
-2.710146162275852699e+00
4.117345517752509787e-01
1.184314834133714633e+00
1.188682553723330315e+00
1.410250412913314211e-01
7.925170392486192705e-01
1.596535636947983283e-01
-4.033273026452164345e-01
-1.502519635340779258e+00
3.490256165626971496e-01
2.842025281405482495e-01
5.997442048793035774e-01
3.942775211977204153e-01
8.386025597593297354e-01
-7.533706215278570539e-01
-1.019350713046497603e+00
1.340050879583636334e-01
2.409859612930237205e+00
1.078817885300799029e-01
-2.577650493435830192e-01
2.698756066621196270e-01
8.947432876952241543e-01
1.667046774592813030e-01
3.744515673400471423e-01
4.214120322754644210e-01
4.935672246147488895e-01
-5.857625944362073733e-01
-1.325764894212611456e+00
-7.798461972264941755e-02
7.475917233343132295e-01
9.412347893858465930e-01
9.476251977172576169e-01
-1.787743650565436493e-01
5.479800916176925246e-02
1.553553274072456691e-01
2.246053708485735712e-01
4.627575450893474107e-01
1.578495993732055291e-01
5.266551326555796164e-01
3.957095658752001199e-01
5.863306154036119766e-01
5.673093498365617826e-01
-1.683965825163671326e-01
4.197158391946258504e-01
1.880581677961751019e+00
-3.255939360121911097e-01
1.036645538987736925e+00
6.052554825491875956e-01
2.851496071334845839e-01
-1.027334703391734605e+00
-5.284762014097392768e-01
2.371896389419419493e-01
3.679923655472336907e-01
3.093452628278625660e-02
-1.250684431666500451e+00
-2.018210514300884384e-01
7.868367889477639876e-01
1.883870302310612477e+00
5.735304350721883715e-01
3.815221708465599271e-02
8.749547710805777312e-01
1.535451956468145251e+00
1.934503322739566933e-02
8.816308283894799258e-01
2.784054655253436206e-01
3.655227634291244865e-01
1.453051358184340280e+00
-1.035113072083576391e+00
-1.659349335622592458e-01
9.000380001516280482e-01
-1.165565849535402432e+00
3.179551832674472056e-01
9.738741358667131198e-01
-1.207758845318591900e+00
8.412591438460316207e-01
9.439273461180626157e-01
1.011237221960409105e+00
1.873972428197407947e-01
6.860482222745334369e-01
5.201099894208943697e-01
-3.519653009346473960e-02
7.312421906068036215e-01
1.050323140430482471e-01
1.294255114639573767e+00
4.487751028963957722e-01
1.356285744946815752e-01
5.326825481300121456e-01
5.488799387390844720e-01
3.744935187785403130e-03
2.602554116886043323e-01
2.297714726916555428e-02
1.476234320398359112e-01
4.616081818853069452e-01
4.853072014310022553e-01
7.738771608410586200e-01
9.520295062583179480e-01
5.379120060565739658e-01
4.813637730253920166e-01
4.745160311753495730e-01
9.858988900402263500e-01
3.963942337617410772e+00
-5.630972668022768968e-01
1.448133092584474868e-01
6.122464549433218606e-01
2.704934754452323897e-01
-2.968546913814784638e-01
2.058472844739447360e-01
-9.076709909151058353e-01
3.365729975850622502e+00
-1.933597411293985768e+00
4.825853788415218615e-01
-2.048508743853502345e+00
7.076422328546816409e-02
5.190084326862535180e-01
4.837104954241278065e-03
4.210778061969159269e-01
4.492347331913785213e-01
8.449499313814592405e-01
1.358647626936799746e-01
-6.946036167751803436e-01
1.757084159063148077e-01
4.606750003689071837e-01
2.111573738144527645e-01
9.173400694555775559e-01
-7.289049063169742437e-01
3.702152126782900510e-01
-1.021499456638304881e+00
1.322636607731533687e+00
1.549249366969879471e+00
2.118820266335641467e-01
7.499620715898436263e-01
1.732184508312313298e-01
9.102021778082033387e-01
1.915886509986972630e-01
4.862843055519041613e-01
-1.029871439374400843e+00
4.589196089790129607e-01
-9.499584272826855358e-02
1.913522190745613472e-01
-1.938060739837579316e-01
1.164320329659203734e+00
6.147884902041710342e-01
2.124108715577547990e+00
1.577636486623487100e-01
