8.771477684585239354e-01
9.841328157652640130e-01
3.335235365870919955e-01
8.587401555313994850e-01
3.792880418251297625e-01
2.233441040610928408e-01
2.513831053288666517e+00
1.661274560249522692e-01
4.614657810718370001e-02
5.310528155599978373e-01
1.363523614553361130e+00
-1.673008971093905561e+00
1.374039947523899130e+00
1.878068783577393486e-01
1.005371548218889632e+00
4.564743651147964432e-01
1.107071663564040964e+00
-4.433619932295601584e-01
1.238848880576341127e+00
-3.966039803075918080e-01
7.242236039780856061e-01
7.138726308662960429e-01
1.148875790822074805e-01
5.609508143082134746e-01
-4.056477040178114724e-01
1.078791150350947442e-01
3.439381955085970555e-01
-7.782126629334831236e-01
8.906218414513200621e-01
-2.226752099299069698e+00
1.980830361645914417e-01
1.539734865823744858e+00
9.761492043059919466e-01
5.272566053508467299e-01
6.517397957117149199e-01
3.796542682651602441e-01
6.642105794619479475e-01
1.089324798519103465e-01
8.376347129500351096e-01
-3.898088777111220482e-01
7.614116353475655075e-01
6.011348232152655680e-01
1.097621402191493178e+00
1.300429946692594818e+00
4.213038060171011567e-01
1.603480163626158861e+00
8.295232777481489350e-01
2.789362500406056267e-02
7.172089872445833736e-01
1.077263906212916122e+00
1.479128758472642025e+00
3.181812648394749532e-01
1.307212080061196824e+00
4.976234304228572825e-01
5.050492765799681205e-01
7.075604900521289542e-01
5.161748506176757623e-01
8.030652628048040587e-02
1.056107812962568282e+00
5.756064489797861894e-01
-3.958591566034881382e-01
1.683000125476275421e+00
3.841320174067437421e-01
1.542026208057229120e+00
4.873552699002325905e-01
4.562223923911938872e-01
-4.977456033465126328e-01
1.177943219125690222e+00
-8.127567355422417039e-01
2.907638751217029860e-01
7.281206303967877602e-01
1.143193593205999559e+00
3.175184229570665595e-01
5.459704137076492048e-01
3.788890717102709749e-01
1.368659952525795198e+00
1.271555459288033152e+00
1.145443269007631049e-01
8.260904397344764893e-01
2.881830949688557464e-02
-1.589184432705694316e+00
3.539179085900562294e-01
9.226964302706672227e-02
1.450618882539971288e-01
2.469185120176613069e+00
1.413954388667783446e+00
-1.080969424752729613e-01
1.743356525475528107e+00
1.341483528092819233e+00
3.479256876291431766e+00
-9.203839420063230081e-01
7.922857690871534242e-01
6.547620573962058543e-01
-1.935556206768271892e-01
-3.529493483840646650e-01
6.591918156932851103e-01
1.399133660321508543e+00
1.949456966139490044e-01
5.289682676991984689e-01
2.515241137259347504e-01
8.528223115458632986e-02
1.620457542414722174e-01
2.156631843368065349e-01
2.930310903229058628e-01
1.984704612867804752e-01
9.169149081429223136e-01
6.346498489797038900e-01
1.137086522526696619e+00
1.317926055572639088e-01
7.982320971794905073e-01
1.465052834957396577e-01
1.972727916719387853e+00
2.127838624620977948e-01
6.266818280371506678e-01
3.576568171236410576e-01
4.376782181202131250e-01
1.614559355052644474e+00
2.308652351482924914e-01
1.033171395067223663e+00
1.625816056837525725e+00
3.623567088861773255e-01
8.354175523672251469e-01
1.783441940123375868e-02
4.641906434816117644e-01
3.143677187801526829e-01
9.074420587235436653e-01
8.206840058480283639e-01
1.890571433841438109e-01
9.927774638417719011e-02
1.958932022354479496e+00
3.579960889754625342e-01
6.608302550888304205e-01
1.072158272581024363e+00
6.983316663596894625e-02
6.356424954591437526e-01
1.724500537613902651e+00
4.106893238188349393e-01
1.139573829021092166e-01
1.427241100879090840e+00
6.735312916977479469e-01
2.629143582275625057e+00
2.364659509036948215e-01
2.212581344381010506e+00
-5.206977773826243494e-01
5.522867717988564351e-01
4.877256312911336655e-01
2.196565864928369916e+00
1.179828992825181500e+00
7.078568141389446344e-01
4.286756073470724959e-01
6.412642968202781901e-01
1.771366456707368808e+00
9.300025019905400203e-02
8.110712970620568285e-01
5.729183534714050730e-01
7.278723058418679059e-02
1.402182885899735387e+00
2.196135623359877220e-01
2.790561086499585564e-01
1.482343908708650737e+00
3.237127837461095670e-01
5.306641859260586847e-01
7.645315212752701317e-02
1.630637656928150658e+00
3.296923000041572793e-01
3.858189040384570334e-01
1.301042359235336843e+00
3.713841411754342792e-01
3.013972147163410220e+00
-7.648148563108858600e-03
1.613808260945087891e+00
1.225144328124015747e+00
1.245780706053803977e-01
7.987526147129462295e-01
9.008189278531557598e-01
5.341986844595658646e-02
2.786290155894919351e-01
9.520020300596091500e-01
2.470972785948523764e+00
-4.776570435579657881e-01
7.495712235729299344e-01
-6.789752208989899840e-01
-7.584898628521534736e-01
2.689114242853340997e-03
2.512007768168105226e-01
3.904385678635097001e+00
7.034959009238804795e-01
2.639448513652074002e-01
1.980550697490861545e-01
1.032001382053188143e+00
5.690599024539377826e-01
6.794812442709273759e-01
6.433265065739854904e-01
-6.429021578741547782e-02
8.395788626819536971e-01
-3.851003251027766972e-01
3.606796318918278343e-01
3.556717040630380522e-01
1.920135428231772856e+00
-8.076181036142837666e-01
2.578592212820259855e-01
-6.462936712103461989e-01
1.089528288350539720e-01
2.807348433637257834e-02
7.620270276486729166e-01
1.282766338099270209e+00
2.652826152627495437e-01
-1.478742774366576196e+00
-2.869900808599780140e-01
4.271401666616517767e-01
1.142880445003590095e-01
9.209377478417750673e-01
1.131993604267178544e-02
7.196072591667894702e-01
5.045389593913920390e-01
6.455724278751439060e-01
5.848306756063565981e-01
4.678326370502199349e-01
1.078110385952620875e-01
-4.119290869752992301e-02
4.100590650631441569e-02
1.368775287631057047e+00
-1.001607598153356760e-01
5.803276513509295631e-01
1.096831636193771331e+00
2.775612791035661497e-01
3.091392384785228709e-01
2.055412873862890066e+00
2.852006775127575722e-01
6.205026806742164336e-02
7.058823310269435325e-01
3.393974447304319852e-01
1.164852807645670563e+00
4.941602762357777401e-03
2.027545913689844381e-01
-9.223692898968882670e-01
-8.915041563519421342e-02
1.594072217015786386e+00
2.084157253586249592e+00
9.224307984729701593e-01
2.532784430267910336e-01
-1.156352511422033214e+00
-7.307214510582755729e-01
7.702832491114509628e-01
9.654311837231452920e-01
-1.649992760687215010e-01
1.855838813031061907e+00
7.980213499933264121e-02
-1.672925392061872518e+00
-1.331075952685739860e+00
-1.500878704772864225e+00
2.404909387897866124e-01
1.318473100113466634e+00
5.151330941520032569e-01
8.012301779604593666e-01
3.780405875317580655e-01
6.777333173785803355e-01
1.170961195972500146e+00
5.737408536368727718e-01
2.302292145376694243e-01
3.361324189928485695e-02
1.119605183580502983e+00
9.872040150738170539e-03
1.506912128772087245e+00
8.985710299591080918e-01
