6.299478124362719589e-01
8.243074147259230600e-01
4.386428648561827570e-01
4.890452440292490932e-01
2.215008117810397525e-01
-1.588108345533676857e+00
1.933545210098497336e-01
-8.666901352686995352e-03
7.459279178662970855e-01
5.392328669398891439e-01
1.764034977142517668e+00
-3.139768070271474087e+00
9.150191009003395548e-01
1.551712135817701066e-01
-1.866856632313844688e+00
1.293332730627919425e+00
7.800656435556617696e-01
4.038514219496589508e-01
7.090041693461428540e-01
2.415843075499385595e+00
6.584835203849748186e-02
3.910274651579791483e-01
3.287447917181441914e-01
8.186051001825307427e-01
5.624912361560828744e-01
1.126145618652622193e+00
1.815556994506528632e-01
5.873731238386393771e-01
2.746534050633288593e-01
7.946995703935851862e-01
2.113230738897627248e+00
-5.388875770119503361e-01
6.564629966618157342e-01
1.084060768815755971e+00
-5.348161412308838347e-01
-1.783130774970440591e+00
9.161220630073876325e-01
5.210063378131153389e-01
2.182437129508692841e+00
1.813358226147990804e+00
-2.928459998192239899e-02
7.892393482070257926e-01
-3.544007156408654491e-01
7.684713804857089547e-01
6.111189300756311171e-01
1.089226156512460131e+00
4.580350162622813803e-01
7.805874140080308887e-01
3.382263455414077580e+00
5.550240262156561633e-01
1.028411270181716075e-01
9.717030019782617600e-01
7.352871004454399895e-01
1.899722038227054099e-01
5.252482554198464326e-01
2.434869083498327758e-01
8.890571880125567317e-01
3.305694310548296100e-01
1.079165022178311117e-01
2.159243009533196311e-01
4.895157574489983343e-02
2.803638748881475129e-01
9.045582108850761527e-01
8.876011160891855711e-01
4.554558808860539321e-01
9.136091331797974169e-01
2.148411545018213964e-02
4.746579812351529037e-01
8.251783216565639067e-01
1.819301636106272824e+00
8.344036053178842671e-01
1.594810184623515870e+00
8.657208233041624457e-01
1.705547336009654025e-01
-7.337139113222357345e-01
5.270733555970827933e-01
9.308572127209800984e-01
1.944826319709936913e-01
8.030545971036580077e-01
-1.660127859768890657e-01
1.410377018741924005e-01
4.657921154445642253e-01
6.975459807243801214e-01
1.064275962511208595e-01
9.302360499464957799e-01
9.368154654101407131e-01
1.958302969052938547e-02
4.630165044975560473e-01
9.685935620326340256e-01
8.660526609073877502e-01
8.584760800890985921e-01
2.526481994162514066e+00
1.282722792953775448e-01
2.831553336021299216e+00
8.438705158330858103e-01
9.070070572789837859e-01
6.684402724564523224e-01
2.931104008439832098e-01
7.323541568867266705e-01
6.574879446561135987e-01
2.227099426393059911e-01
2.186768822896077991e-01
1.972024603507938068e-02
9.940468609689853130e-01
5.440468146585227815e-01
5.330283155176518406e-01
5.946137831272310104e-01
7.205013440756324883e-02
3.297597199500815757e-01
3.773880493079565523e-01
4.410512090545666286e-01
6.319466959696842245e-01
9.966081095015167923e-01
5.253292788148423709e-01
7.941049746982499213e-01
2.502954713793656083e+00
-1.465521102383458230e+00
1.628030980713961462e-01
-3.460016629286885026e-01
3.606073776419881916e-01
8.571504738793760403e-01
1.192617985834990568e+00
5.124106196417068659e-01
-3.524756375692781329e-01
6.042404451396765630e-01
9.790114375734146890e-01
6.400109059555069146e-01
3.872077459017994050e-01
9.658773315547043437e-01
1.778773419273172340e+00
1.226862820440201007e-01
1.826186441266508531e-01
5.761921023557731170e-01
-6.145456029501896733e-01
4.019355402112980702e-01
8.972858821087648096e-02
7.549505986347193609e-01
7.387585141371517672e-01
4.329036934325887209e-01
7.370729170232982463e-01
3.645749560956734747e-01
-7.696958592069114147e-02
-9.610070701860663478e-01
1.675268993968837883e+00
-4.151239414589420473e-01
5.392832018561631857e-01
8.502820812652345239e-02
6.730776585282083335e-02
-2.221577978331365610e+00
7.465965103398753966e-01
3.521056301247473819e-01
5.105018541351118433e-01
8.398869210759476456e-01
2.562984354825181832e-02
5.011642108461322742e-01
-6.554682793581929623e-01
5.968017135762868630e-01
3.542753615725651173e-01
1.630653437666060857e-01
-2.783941845737974985e-01
-5.468453689067896972e-01
2.844563748369274281e-01
9.300844259116091139e-01
3.441062790163942342e-01
6.347938657657589134e-01
3.658508302558038938e-01
5.337937362399935992e-01
4.824197555696227990e-01
3.456525107278002329e-01
6.505973497569637054e-01
6.376765909977960556e-01
6.877366306966835596e-01
4.841557367570047399e-01
3.247106726778000718e-01
1.412282925724255289e-01
2.316584086076248772e-01
4.224117304261454375e-01
-1.229793683619464506e+00
6.950182324857800964e-01
1.082616629531598651e-01
7.927575184324704427e-01
1.164097448749667807e+00
8.761295874865858702e-01
3.495486114836084957e-01
2.851327904747513742e-03
6.063957554442118703e-01
5.871622918284056247e-01
4.264160983872614663e-01
2.260444698477193093e-03
3.442509169774522482e-01
5.337289811564418507e-01
1.067067456643565837e+00
1.465568432541168420e+00
1.900401223803316331e-02
6.859616100876642086e-02
6.264492000395626148e-01
7.940541769896757307e-01
5.260881403540178525e-01
5.772827280522884186e-01
7.123948391603863728e-01
8.518916572285598621e-01
6.153491122065821717e-01
2.182341688619692466e+00
1.592376969492534933e-01
-4.425753462032668839e-01
2.598912692526631929e+00
6.321621376494691580e-01
5.406595316493076897e-01
2.242212145579713933e-02
1.675029174244428321e+00
1.018244896047676207e+00
1.567863873564679489e+00
6.295101790730730507e-01
1.863245043272776513e-02
-1.680324798286906285e+00
7.257030355672262623e-01
2.394467226811720195e+00
2.314920382591167392e-01
5.046360874980265754e-01
1.599511242327949834e+00
2.347351304209550626e-01
6.621232629510394041e-01
1.222751208755340491e-01
6.334443360971445669e-01
1.226109141022841742e+00
-9.391829844224655055e-01
-2.116141699542070764e+00
4.600831386060465489e-01
4.062759042517901653e-01
5.132128526521454459e-01
7.432698538067925575e-01
5.691876274718252748e-01
3.973080901020701328e-01
-9.173338219489436396e-01
4.516836447706887858e-01
-1.928558845455635939e+00
8.335425433521135297e-01
4.525425334641385300e-01
4.275690930043656302e-01
8.930718631457694734e-01
-4.490675903930301249e-01
8.905828869264587055e-01
5.051025271600626532e-01
2.244353901564066778e-01
-1.368372160751708533e+00
4.759112311228216319e-01
8.751873334633419876e-01
6.737565258460650464e-01
5.280614694251410945e-01
-1.243300181695156104e-02
-1.195318573853645372e+00
8.894429751789232341e-01
2.647481412772078047e-01
5.417017668059130597e-02
5.412060026884429886e-01
8.647530451989122735e-01
9.707549767655719863e-01
1.567808693741741699e+00
8.642186889350312873e-01
6.138918793425105491e-01
1.743147091101231450e-01
6.699563678880334772e-01
1.013025303915435327e+00
2.816404798892895744e+00
6.240291284199002142e-01
