3.125354261066849437e-01
7.224563798305880802e-01
3.426727243754511543e-01
1.953737703481862598e-01
1.207306892920917418e-01
3.405806094950715179e-01
3.896877926683003368e-01
1.786982503030443148e-03
-8.434880548461300975e-01
1.187902433565369176e+00
5.003975206193147507e-01
6.365088093645954181e-01
6.421440481814845169e-01
3.527132096637649039e-01
7.976520294235704966e-01
2.396886445651406072e-01
1.488312205582429826e+00
1.306948372995369256e+00
3.751501556306378049e-01
1.721968773408566467e-01
8.110482973463828404e-01
5.113474462409789423e-01
1.245577565009220455e-01
1.507093821230651720e-01
5.610386485592722128e-01
9.648865390220476845e-01
8.327759122513853640e-01
2.566327648043312815e-01
9.985079005842959488e-01
4.333595300219355018e-01
8.793947119278600066e-02
5.919915175789710604e-01
2.273289215849619849e-01
6.498788103011131634e-01
8.347335971840796898e-01
2.582894083618062497e-01
3.052929598123219623e-01
8.796894530111634136e-01
3.142054417271691324e-01
1.720679530263132806e-01
8.768869432598925817e-01
-6.423021576311995773e-01
9.483650700679062684e-01
9.814459134589852418e-01
1.946416180160920328e-01
2.118791358570911054e+00
7.158695972985481548e-01
5.180902123933950332e-02
-1.058343423877008416e+00
-4.590873010157192624e-01
2.569160588672960710e-01
7.330558112112093294e-01
3.309042734719187528e-01
6.309567761746643910e-01
7.683111159883284635e-01
2.636461955408259339e+00
2.963537278708713307e-01
1.615093629548074450e-01
3.576836148577752228e-01
5.503206286879939180e-01
1.028551758242653769e+00
9.463523128072887092e-01
6.669716628340509601e-01
3.159111339376343253e+00
4.078280439936623480e-01
1.262377336526655514e-01
1.542191614761652119e-01
7.805520410149323629e-01
2.601523030707224571e-01
1.639405333625082450e-01
3.850145888446288023e-02
8.547692253127215922e-01
4.276831168364264579e-01
-1.252366841525791585e+00
2.849382967946234579e-01
2.452536614950903138e-01
7.112806212531354033e-01
7.630677839404650387e-01
3.285676793493776948e-01
4.035944811223325379e-01
7.993392365821825329e-01
5.021149684882589836e-01
7.473815791426989819e-01
5.934633761215302172e-01
8.948612178372559178e-01
1.647095069829517255e+00
1.079204798892865469e+00
2.922597294885150854e-01
4.850729164758149636e-03
1.721695006530733763e-01
-7.094111579081108232e-01
9.293213622997408274e-01
4.531992644243025836e-01
2.216720564574056196e-01
3.805110339180898249e-01
9.618968676433945486e-01
2.545244937444899325e-01
9.755297737838245498e-01
3.451002213948652919e-01
4.519668516500807698e-01
1.032446308977668648e-01
2.605477916500092972e-01
9.075219130623103370e-01
6.187169174151125883e-01
6.751801362655472927e-01
7.909706619952264761e-01
2.853240040412624579e-02
6.883668956549082729e-01
5.259981091587073720e-01
7.740586928428929703e-01
2.157860261309271221e-01
4.979549284378477214e-01
1.584375646460284726e+00
4.145633259738318310e-01
2.854163771913331704e-01
4.975618984245187004e-01
2.947904223994057826e-01
3.019850579343305030e-01
3.947274401098478380e-01
7.843878793971315044e-02
5.622224321405923098e-01
-9.396093776225261651e-02
2.949805299384203883e-01
1.491089734160072844e+00
1.837435079584770481e+00
7.009262405433254184e-01
6.106596781868721679e-01
1.076502212036212214e-01
1.400977946154407239e-01
-1.090711007125818588e+00
4.314642515439526260e-02
1.966404386024456219e-02
4.670275406233337367e-01
8.602718405148424008e-02
5.370638956477954418e-01
5.132897631585133791e-01
9.532026317657761316e-01
9.339959398156312265e-01
7.373805101794801420e-01
7.928151427102071436e-01
7.589101813425992438e-01
1.068448851640535491e-01
2.785066074276676407e+00
6.465192351545954175e-01
2.695634866942632213e-01
4.840572652666922382e-01
4.058517808984687392e-01
3.630783391095121493e-01
7.034383269639427061e-01
2.058261809750994153e-03
3.953871908271137103e-01
9.467625598124684849e-02
7.758034326845876238e-01
6.702607600969817669e-01
4.320642953744217030e-01
6.755307929821661173e-01
9.271621833373265842e-01
7.437045250665623719e-01
2.009741304283931829e-01
2.129334505150909607e+00
9.947439914185560728e-01
5.020212863765604050e-01
1.021389183465481465e-01
2.559518131624078929e-01
7.259619418376553890e-01
2.756595414560201185e-01
7.445608044781766299e-01
6.057416907965336161e-01
2.685384461751721963e-01
9.013661519965721070e-02
5.605846122241966434e-01
2.106735454744301794e-02
6.447194169547474374e-01
1.135627407872926709e-01
2.069177942939519621e-01
3.152918155552441037e-01
1.682069511146878638e-01
4.020405295965798764e-01
-1.742785778344126957e-01
2.257824135260170229e-01
6.581683899544831240e-01
3.402086123135474871e-01
7.404515842263317271e-01
9.844611618760129579e-01
5.422614221862649408e-01
3.638971021958316010e-01
2.822885095610864203e-01
2.406275093321053049e-01
8.880247022149561076e-01
7.914738631710319661e-01
-2.155930944682620698e+00
7.381818940694914177e-01
4.254461125327155813e-01
4.583017927949240011e-01
1.073110578880942301e+00
2.588123219646546458e-01
1.399800718469489835e+00
8.968775538613339426e-01
1.222184859790584444e+00
9.205690769876244683e-01
2.368456303334074420e-01
6.712367439452215923e-02
5.113809242378196673e-01
9.223243453224775346e-01
7.106611068748319715e-01
6.935175154787300844e-01
3.468579069249350111e-01
-6.087055344385416955e-01
5.795216119827915069e-01
5.580314464878320946e-01
5.049220696844306522e-01
4.903313337086089296e-01
5.186414650687050099e-01
9.844705780375565540e-01
7.502312830407258382e-01
-9.608508752169315770e-01
7.161396723384499952e-01
2.047348413175864579e-01
2.356627892448622807e-01
7.444155733955369891e-01
3.861039159486016059e-01
3.425148792729448832e-01
6.950588832734488909e-01
1.020117898643781773e+00
1.667519204191078019e-01
1.384067642603856951e+00
3.122474365711794819e-01
6.218868702510449431e-01
5.677526339624270335e-01
2.322047918165007774e-01
6.348157208695427434e-01
7.142265554376122649e-01
2.100421350087435801e-01
7.205474316063640305e-01
4.709020671459386298e-01
3.285654359234430055e-01
7.737969835194377088e-01
4.141246175666869478e-01
6.247875507394020644e-01
-5.229509382332518941e-01
-1.843083968911211623e-01
9.121924797122162865e-01
6.548890818890309440e-01
-4.055196516237757898e-02
7.154807587385006995e-01
9.113364117318119018e-01
7.519546779913033330e-01
1.067447131411831007e+00
1.052734661125416249e-01
1.004772907350916622e+00
-9.867420600153578025e-01
3.895137766227940723e-01
5.045003913301605580e-01
8.111755982136734655e-01
4.314645589194000541e-01
-2.551494211163066517e+00
2.526579652796969722e-01
-1.922047640432389404e+00
1.898944660823775887e-01
9.254368106663511950e-01
4.248853174877769145e-01
1.884299345398641190e-01
3.753191170748260141e-01
9.824391506768405113e-01
8.840578110674099932e-01
