4.627771382747137840e-01
-1.207241045391404866e+00
1.099164285351792003e+00
1.695390137933377561e+00
5.521624563058891155e-01
2.030524684279135794e-01
-3.051427098021792794e-01
-1.046812560131660463e+00
-6.047452699217670258e-01
-2.201185307132051960e-01
6.680322342917434097e-01
-1.759810709673728102e-01
-1.667811632872475969e-01
1.615920379418275044e+00
-4.039043248477633408e-02
-7.274657944808387011e-01
-1.415033363434819336e+00
-4.173289219450259657e-01
2.157822870671537441e-01
2.143432981327753506e+00
8.708919341614027587e-01
2.912370220095272355e+00
-7.872928221279640315e-01
3.091231458148224753e-01
-1.472195613522806035e+00
1.081557619592852459e+00
4.071737265155667140e-01
-2.118621429542362211e-01
2.028594962913873312e-01
5.053705843294459932e+00
2.364584195580483161e+00
-1.643122499872857301e+00
1.322272512766189401e-01
1.761483091340887430e-03
-1.064991601553431089e+00
-4.821627021247422151e-01
-1.649769245533188600e-01
-3.841163348614466511e+00
1.056526323839131365e+00
-3.820995381602971808e-01
1.454751034614219396e+00
-1.689270111981465211e-03
1.951428879439414787e+00
-1.335561627198247558e+00
7.874196203268077898e-01
5.556420858938231788e+00
1.532424795015457253e+00
-2.521728252798070891e+00
1.502847256984530588e+00
2.020489331518692533e-01
-5.620963425719974760e-01
1.156725477869260610e+00
-2.266568727191328847e+00
-8.887416363127893515e-01
1.028166962598522360e-01
1.177443427219915240e+00
1.043118551658053894e+00
1.525182180050013825e+00
-5.084441016238485656e-01
-1.431809445598142938e+00
-2.459978647894258241e+00
2.118231183863409584e+00
3.167566437272570923e-01
2.706812336331455349e+00
-1.809711727791324387e-01
2.191290848217797738e+00
2.363753095758922118e+00
2.259557168969833496e-01
7.205183667388916913e-01
2.183378158317943019e+00
2.863586320632891979e+00
6.175662406806183835e-01
2.600517367729326068e+00
-7.848946985532645471e-01
2.266552790344639412e+00
-4.935260817127126720e-01
-1.171842531261372722e+00
6.702925014097727008e-02
6.489891596685782860e-01
1.248674397546459813e+00
-2.244172107574195163e+00
-8.904612851881281710e-01
-1.299361050776182136e-01
4.304220711978360425e-01
-2.684895534365796532e-01
1.113495584380316927e+00
-1.390779644302642115e-02
-1.278192580057079475e+00
-1.251132126567924274e+00
-3.013040085987970240e+00
-2.847626600094123606e-01
3.527092767557647335e+00
7.426498298697604694e-01
-4.502517899803789581e-01
9.486485192577709391e-01
1.413205277117795866e+00
-2.908631532273693310e+00
-3.627000035722825366e+00
9.085683354420820423e-01
-6.392141438591347757e-01
-3.487180309503419839e-01
-3.143760366761327862e-01
1.717854715448987823e+00
-3.101513392601097596e+00
1.697620200381655120e-01
8.313362844549159192e-01
-1.657935860103563197e+00
-2.895271422637847869e-01
-3.260565762794269240e+00
4.259777462474608534e+00
-7.273331542713087350e-01
-1.897471453775195993e+00
4.976330981985685464e-01
3.490323338014269972e+00
2.749964327814216070e-01
7.509982415594804728e-01
5.957398045109436602e-01
1.876549807403627312e+00
-3.297725110853313879e+00
4.947077530137831691e-01
-1.463730382491771786e+00
1.400436754697933939e+00
-4.047710183607687306e-01
-1.012495945955369070e+00
-3.969009433410886634e-01
1.241571794944852369e+00
-2.826469105317636732e+00
-1.362193667307760814e+00
1.570212728077637232e+00
1.003850776832469816e+00
-2.891103493816699621e-01
-1.250671409581032290e-01
-7.736147039355034671e-02
-1.829785447616632810e-01
1.237810827497267674e+00
1.042686575065474797e+00
-3.432272983410610268e-01
-5.312546512284038736e-01
2.668982404751191417e+00
-2.972768340615730587e+00
-6.887203650946607247e-01
-2.455287401009103032e+00
7.622070317698050879e-01
-2.115589810868903964e+00
1.218898269618966301e+00
-6.742782373751170510e-01
-1.249076078604544060e+00
1.514001967253263414e+00
2.421971733675591931e+00
9.870946496357707600e-01
7.690188496647809568e-01
1.329377763372301846e+00
-3.655367452765029279e-02
-4.657244050718872264e-01
-2.032906290890192924e-01
-2.149501616744789345e+00
4.514938440471166103e+00
-8.475164517448429136e-01
5.368945759794415684e-01
2.823339553640207278e+00
-1.155177889076700826e+00
-7.887209289995139594e-02
1.385127669569496955e-03
-7.181687160308829476e-01
-8.536429515631687170e-01
-9.694859942715445822e-01
6.542309257673435408e-01
5.476157394841502102e-01
-2.429501381665008786e-01
1.424235261330839553e+00
-2.907117815017201679e+00
8.129013550216903639e-01
8.089808352216495413e-01
-6.426769398723610749e-01
-1.428841754329105429e+00
2.693195755455670137e-01
-3.346590295119002412e-01
5.393338063770083401e-01
-1.112046979925886525e+00
-3.607952473463502119e-01
-3.613663664028188283e-01
-3.787521786608819552e-01
1.787932005236700039e+00
-4.136533646924358543e+00
-8.399335094452526906e-01
1.470659305249254034e+00
-1.705997623419326370e+00
-1.142841023609773465e+00
1.902857602318736241e+00
2.436093195927602206e-01
-2.121744161854804966e-01
2.249197958908243145e+00
-1.128349606573280317e+00
1.948748018818661498e-01
1.716746524316205003e+00
-2.419461277202676452e+00
5.622162073803043114e-01
-2.341304513385972008e+00
-5.213739202331549194e+00
-8.552370675584071158e-01
8.063621640592227857e-02
-1.888103389349470307e-01
5.880494304122438010e+00
-4.421280280585717648e-01
7.193766994451372687e-01
-3.087528659808751907e+00
-5.481029806477384358e-01
-1.911842110975309872e+00
-1.163760097753793049e-01
-1.151388136406035656e+00
-1.444964942728452773e-01
-2.298810128224391125e+00
2.105420694005616725e-02
-1.842801906923963451e-01
-1.040113301816607771e+00
3.801713479978156673e+00
9.817094312703653625e-01
1.659460741127825711e+00
-7.132325105647101537e-01
1.320918356894821288e+00
-1.110269182816067124e+00
-3.842989369204226513e+00
1.289638926670534369e+00
2.877693191685811502e+00
1.457258583169331323e-01
1.241186386587423085e+00
6.919193066146547832e-02
-2.234542940812240808e+00
-4.049348998264912930e-02
2.246076320463259168e-01
3.138333757186338779e+00
-1.060464187737492764e-01
3.935989531618623860e-01
5.569896830833674928e-01
1.623656018391924416e+00
-1.129026209435880945e+00
-8.201922722736640914e-01
2.910257293828633962e+00
1.528225249957925858e+00
-5.106740872648436458e-01
-2.156770396884486463e+00
-9.960816756932686644e-01
5.255564228638518465e-01
5.095218599277152594e-01
-5.890115377444917755e-01
9.743877583469779946e-01
6.690187024155209716e-01
6.115407480667509610e-01
8.881684036920138858e-01
-6.231247283402020498e-01
1.174664288591217742e+00
-8.984889588806367344e-01
1.083030659518303462e+00
2.187905555486658660e+00
-1.849216282935986500e-01
-1.667981335230583007e+00
8.644943542081934273e-01
1.798175150267810940e+00
7.177785993567578071e-01
-5.019545532686833234e-01
9.685359569167408811e-01
3.332452934479857021e-02
3.605747187497267525e+00
-9.413795820106707346e-02
-2.838583150179772863e-02
