-1.399866661645779553e+00
1.213741970422695937e+00
-1.311370971271252683e+00
-1.379843911386833488e+00
-8.957905336169449395e-01
-2.741917211129917042e+00
6.782672400615983310e-01
5.899642370500142174e-01
7.019013556766515727e-01
1.123262063547473044e+00
-5.445657022229870581e-01
-1.817192998067092224e+00
9.928679342499276972e-01
1.104482300421005370e+00
-1.679448084558107457e+00
-1.875998306007122363e+00
-1.594787671488617775e+00
-2.963976101399500518e+00
2.849412073754730379e+00
3.189956715473173610e+00
-3.517219851291753407e+00
4.076266183814635014e+00
1.101648623757256251e+00
2.185872333270694190e-01
2.123098827316165949e+00
3.099123744401353520e+00
3.042702615641386554e+00
6.830391856425616082e-01
1.996776354590457991e+00
-2.916312555120342154e+00
2.066716899018187004e+00
3.848764877028595377e-01
6.516070845099377618e-01
1.017394343877751517e+00
7.607757539073350950e-02
6.186178835105060614e+00
7.381250450656761108e-01
2.123315187352174949e+00
1.711576538683246662e+00
2.186179311426515781e+00
9.533521903347752513e-01
-1.226660648686257460e+00
-1.132557709127685719e+00
-2.944603598374246012e+00
-2.123846811767178822e-01
2.780117754993671753e+00
5.380752231200214286e-02
3.241076321806223293e-01
1.852655672970032308e+00
1.325285233654176720e+00
2.750641776701466590e+00
-2.892818018380843625e+00
7.929338888180224032e-01
-1.562657204966648283e+00
-8.795642126574663155e-01
-6.016214551892009599e-01
-8.697387754459743325e-01
9.010691621198089196e-01
1.130279294482758323e-01
-4.098103100731161241e+00
-1.624045118444829905e+00
5.270872032510718341e-01
4.160459721873492334e-01
1.293294130861168734e+00
-1.495142496270501331e+00
-2.386913657426127156e+00
-1.961801816969701129e+00
1.508316307144745405e+00
1.059214520156196437e+00
3.165244704540880472e-01
2.259492057520703590e+00
-2.911609820869371923e-01
-1.214527510676372435e+00
5.778741196048056139e-01
-1.618571797041261195e+00
9.463491532863139710e-01
2.442609563145023088e+00
9.309352276308665575e-01
-3.116640532761379312e+00
-2.910159945192269948e-02
-1.097655696878624632e+00
-3.212505338246705477e+00
3.911250974256606394e+00
1.119059976723560945e+00
1.738977323949702836e+00
6.960281022106011850e-01
1.047475428282189203e+00
-1.177147564647409883e+00
-8.371345521561773806e-01
2.713996096656176249e+00
3.213870518940330712e+00
-1.327669108259146746e+00
2.211339059854518230e-01
-6.185432572198705792e-01
-3.360446090311360212e+00
-7.062507144122692759e-02
2.046345508556551618e+00
2.268315670110369053e-01
2.006484572379481079e+00
9.559570868114031228e-01
1.642128718817642996e+00
-4.324179964050614000e-01
-1.925579485725667173e+00
3.802199688773282293e-01
2.808728523747459627e-01
1.392920552282251867e-01
-2.995487503701069198e-01
9.283356478869222439e-01
-1.090085377066662531e+00
6.416802268261879716e-01
2.179271178666563280e+00
2.459834492590373234e+00
3.163298931149930215e+00
-1.089824919574158502e+00
2.961768615702855545e-01
1.009200541300207865e+00
8.044946241209672833e-01
-2.999646170194511630e+00
-7.654224559975398856e-01
-2.434093227018096606e+00
1.109085500790646162e+00
1.311589520870244385e+00
2.476169497388029384e-01
3.208901751891454213e-01
-5.649628660221688303e-01
-3.079441489779130570e-01
4.609853060380877388e-01
5.114636719245115870e-01
1.384728873416201100e-01
1.692295045782585272e-01
1.645512577503371432e+00
-5.518035582038222087e-02
1.424138429309630194e+00
-1.934365596151849109e-01
9.096470464128132427e-01
2.337550042573961484e+00
-9.749058390657147077e-01
5.007094195694944183e+00
1.405739261638362825e+00
-4.403848507152498537e-01
6.049899244729496361e-01
-1.022961399379671787e+00
1.196594065129777507e+00
2.805139183949385551e+00
2.647832571412603642e+00
-6.163314800554435813e-01
-3.214505697312685761e+00
1.603287800183192946e+00
-4.590581730018646889e-01
-3.944467742900551466e-01
1.655712057909183577e-01
-7.045579428415015277e-01
1.994013016395124405e+00
-6.436669914713440965e-01
9.525316866638490476e-02
-5.952897910863279574e-01
1.632428957047170837e+00
-6.211030462476357705e+00
6.311332940275660164e-02
-3.622097361807586902e-01
3.880680983248104288e-01
2.584862786464118045e+00
1.663327384205798509e+00
1.705830104746329123e+00
9.391316580890385346e-01
2.931581572109394074e+00
-3.035747688300316494e+00
-1.267984266702471441e+00
1.953685559378351755e+00
1.535722907128966419e+00
-1.451046178729890057e+00
1.589277438463961190e+00
-6.885438181971300642e-01
8.393686549585643863e-01
3.919973574995219145e-01
-6.230915560666383524e-01
-1.890590321906535198e+00
1.146715352542443611e+00
-3.709391946342247337e+00
4.319197643710248613e+00
-1.274939023821941575e+00
-2.934331056042606689e-01
1.578694902756535429e-02
-2.575238856889623396e-01
5.494974282161766421e-01
-1.216540784741924286e+00
8.923795331487749394e-01
3.359478871819845835e+00
-3.508137694865927636e-01
2.656063725903012873e+00
-1.161383109502840405e+00
2.475899536848837013e+00
3.933061367910737349e-01
-3.420317260392541137e+00
1.084476114916390066e-01
-2.447670274274410751e+00
-7.448128914435103720e-01
5.092563268364026507e-01
-8.827731425514295793e-02
-3.135768235580575491e-01
-8.335913505725456307e-01
-2.034800935166659830e+00
1.290864795092519168e+00
-7.050486494296278606e-01
-5.415756254064054254e+00
3.595275674342494621e-01
1.784601884442656328e+00
1.077490349658338342e+00
2.094021659951551761e+00
-1.245207218588208153e+00
-6.601810839836294020e-01
-1.806104229143821849e+00
-4.409084088225561637e-01
1.456001925477873771e+00
3.900076217345107565e+00
-2.623421290397551231e-01
-1.353322472894297190e-01
4.169971938195317085e-01
-2.498952289037716101e-01
-8.723024631157803022e-01
-1.126372056141994538e+00
-6.610896364055525165e-01
9.385831244582387711e-01
4.482083860173136092e-02
-1.537017512407553577e-01
-1.041873083572822933e+00
-4.150994190820727958e+00
-7.569141905013423433e-01
1.066828502763715214e+00
1.707426054288586847e+00
5.951211433197192591e+00
-2.296949185434125074e+00
5.969665263954393453e-01
-1.056819932645225002e+00
-2.020684185357181306e+00
-1.446760109198951039e+00
3.461546480045972096e+00
2.539808677527151559e+00
-1.388142006090827163e+00
1.254147918865630373e+00
3.504760750203234076e-01
-7.388419628877956891e-02
7.793203554654040688e-02
-6.334167868444477989e-01
-2.830040338420451551e+00
8.139123830679683147e-01
-1.422869386002971748e+00
1.216089203791566487e+00
3.081090471931561270e-01
-1.284020502019287191e+00
-1.372752060981603517e+00
1.669693180295603874e+00
1.443398694873037291e+00
3.375721575919370832e+00
-2.235336899062703164e-01
6.600873076452815624e-01
1.152832115395202806e+00
3.546946325084831209e+00
4.898594295511554120e-01
-9.150477403678640709e-01
-1.708280816155105075e+00
8.474140145193100881e-01
-2.579832923803487610e+00
-2.604731826841493181e+00
6.697844868756455683e-02
