8.663417820321650531e-02
7.372280933839553407e-01
1.202623602005680636e+00
1.873381510948969098e+00
1.816242361831246210e-01
2.877791822996497828e+00
1.226576395653318219e+00
-1.062854274444582803e+00
2.461496590968730858e-01
2.628515623041535854e+00
-1.349750338152635010e+00
-1.256395572720085951e+00
-2.752917658542524570e+00
1.066595706098074192e+00
-1.242002328377612042e+00
4.784143643255399647e-01
2.675554574956805487e-01
2.873226241359418953e+00
-2.980128573791837709e+00
4.386484977233214289e-01
6.233979427613279833e-01
-8.287044158158116125e-02
-8.058933466404769597e-01
1.759703651264959312e+00
-1.044171669219187137e+00
-1.249514758071285314e+00
2.658441317215232136e-01
2.640660437746378264e-01
1.693607418273889609e+00
3.022817531675255909e-01
8.426831885102510633e-02
1.333916813210661356e+00
-2.359790892102452631e+00
-7.217752645304695847e-01
-1.115887198556011262e+00
1.952415261451727890e-01
4.501144834522334826e-01
1.063852229140565431e+00
-1.856323774079173816e+00
1.881538070995824263e+00
-5.543832810829684155e-01
1.487367233786213716e-01
2.860979483798851697e-01
-7.255790681258389441e-02
9.333042315019146606e-01
-2.939016809661484153e+00
-3.234711927400191200e+00
-1.473124271818763154e-01
-2.441115307052216910e+00
-7.825564282458348231e-01
3.581988215772864415e-01
2.123219859832878420e+00
1.437346805381968018e+00
-1.498125857408491690e+00
-5.206799933380577006e-01
-2.164315101891758353e+00
-2.337418479854934894e+00
-4.093208875523770551e+00
4.522094777098488727e-01
3.696156544343676131e-02
-5.824619639969551566e-01
4.539830802067623128e-01
1.817890761188378557e+00
-1.532249397834684057e+00
1.916443039002606152e+00
-3.331454373984504835e-02
2.756492868067191182e+00
1.819249068583827622e+00
1.790498132104839435e+00
2.767751193135847831e-01
-2.946678085131653191e+00
4.709792680503618878e-01
1.950348817554030223e+00
2.468074958720769541e-01
1.249430476407953128e+00
6.344718644851337075e-01
4.634728258828914593e-01
5.615170090281218496e-01
-8.746417225857994193e-01
2.498265086103671206e-01
2.837109623931363123e-01
1.638688701679195114e-01
1.280872039289564945e+00
-2.367245307058172710e+00
-1.406966110311547169e-02
-1.683817182395708212e-01
2.662202145228054651e+00
6.014610939615153695e-01
1.032886440309598752e+00
-8.722839298850341150e-01
-2.220585293056116072e+00
-2.927841904933266987e-02
-4.476007380110335054e-01
-3.179786723891857014e-01
1.626440843184481455e+00
1.629612250666790385e-01
6.428578085752629789e-01
-5.920523101120462872e-01
2.537687241066906019e+00
-5.376875370762390638e-02
2.646547263837558450e+00
4.679064452688029563e-03
1.094980761891063636e+00
2.510742195888166162e+00
-5.529573964590985824e-01
8.035497344220748905e-02
-7.048595283840043413e-01
-9.889420825847433649e-02
-1.569947669547758773e+00
-1.594444321126128550e+00
1.061148577487264655e+00
-2.691794533158783587e+00
-1.956781600940171284e+00
-7.369924163616814461e-01
1.030771536327252269e+00
-5.023685364063267267e-01
-1.071211703861176368e+00
2.966697034967836988e+00
-3.230345050388192529e-01
-4.809911863758957185e-01
-2.622398276588191468e-01
8.059925047577001234e-01
2.621074235835489041e+00
4.686599822703031437e-01
-2.109023481585232673e-01
-1.045300731927677251e+00
-3.874168018683827874e-01
1.200267334264931707e+00
1.654674666207344602e+00
-1.393454952588633056e-01
9.986678940492273171e-02
-2.607963983249899087e+00
-5.263489805154606405e-01
-1.687594446427123085e-01
4.925583245225295670e-01
-1.401000437362375228e+00
-4.101846575462456457e+00
-3.100207572632903030e+00
-3.717829538322395155e+00
-4.243972386888633652e-01
-1.633571955983549873e-01
1.161859738527099006e+00
2.415152961950154165e+00
8.628635662023554920e-01
-9.244390366933215031e-01
-1.952218677501320387e+00
1.539809996951389537e-01
-4.413012026369660390e-01
-1.728820334218517774e+00
6.088164434819822723e-01
1.481592044717959133e+00
-7.973939246463982444e-01
-8.486217604481947063e-01
-2.214220832564511632e+00
-2.387050225298443351e+00
-1.335773512572497601e-01
2.719449912505553346e+00
-7.568079304515438199e-01
3.950950292339527881e-01
1.086523575708589595e+00
-1.361072552145066172e+00
1.050273440319334228e-01
-9.096305942391245125e-01
-9.450765504846585507e-01
-9.126339241871962438e-01
4.966846998251027157e-01
9.087180572516188048e-01
-1.552908288183049823e+00
9.857723636409657653e-01
-3.504591405806956050e-01
4.732501592972222504e-01
1.262427227471855984e+00
3.385090459887446501e-01
-2.592310357440474444e+00
-3.139331900873770564e+00
1.427738509691115043e+00
-1.056932126235545777e+00
1.680986523811348832e+00
1.863034202406486983e+00
-1.437882664713240111e+00
3.085750077741009623e-01
4.423984782898001678e-01
-1.913074850219106837e+00
-8.505101418906348965e-01
1.338905678997694526e+00
-6.522123173972949051e-01
-4.325122570223365742e-02
-1.715547609093356574e+00
-3.934812436370109801e-01
-5.989394525185386398e-01
5.732051423075598118e-01
-4.155924186916885588e-01
-8.340185412699027134e-01
-1.211159108797663642e+00
4.885637133387101816e-01
-1.770866037139247950e+00
1.177469558896849566e+00
-2.146189117566904336e+00
-3.929448767446386270e-01
-8.072095749277454768e-01
1.849241529354276881e-01
2.881313317795551887e-01
9.880177266238139300e-01
3.206374597904564361e-01
-7.898902091719918195e-01
1.250464088299484633e+00
-6.746172384890406493e-01
9.865161674424385296e-01
-1.437509854476203053e+00
-1.105921119179162471e+00
-5.946783153520686094e-01
-6.651640601259052321e-01
2.135332571345275321e-01
4.893118545091987848e-01
9.359266006763409251e-01
-4.534238545180158120e-02
7.358671352611414473e-01
7.812594896633886510e-01
1.244903083054266890e+00
1.055095567770778064e+00
1.587509268246972693e+00
1.716693872942518961e+00
-7.455575853566104305e-01
3.896112577345209327e-01
-7.463878781924332406e-01
-2.435120400014516129e+00
-1.600366801310596498e+00
1.361657202562340796e+00
2.282246146469024684e-02
-2.190573372227973437e+00
-1.104107141213985344e+00
-1.256791485480732051e+00
-9.770121566422482751e-01
1.084264938048235427e+00
1.305711203990040925e+00
-2.282086721822933484e-01
-5.201906338664720186e-01
9.064035226517518362e-01
1.056258119931166028e+00
-3.945214051448874826e-01
8.857329054298197502e-01
-1.435791368965675163e+00
-4.580662312291433613e-01
-1.194529957023696243e+00
9.364596245418707054e-01
3.104811204121663004e-01
-8.321465217481559540e-01
-1.137643734075026947e+00
-7.994112541395332894e-01
-6.342782915264491006e-01
3.681772246989631348e-02
-5.161828333920826850e+00
5.585112193805271685e-01
2.139123475289260945e+00
-1.470336635769549316e+00
-9.179909075741119473e-01
1.727129329155636883e+00
7.921812629366792313e-01
1.723915308413682235e+00
2.878772325273021959e+00
-1.818469460113757430e-01
1.726056555931683834e+00
1.377016622023935488e+00
4.339066627285928845e+00
1.909030850806402668e+00
