1.846041458110228572e-01
1.559529486948517674e+00
-1.900925107898458366e+00
2.468915655220608407e+00
1.358949578138816783e+00
1.071689762310232386e+00
4.307842262694989710e-01
-1.843108923730118809e+00
1.266144964329396938e+00
9.257193530149689931e-01
2.349955796765775540e-01
1.889748854445238158e-01
-1.821758262080293567e-01
-1.811139724356512382e+00
-2.143845976476780546e+00
-1.011368234978608172e+00
1.282140772549311469e+00
3.283185225696842124e+00
7.157860473791941569e-01
-2.877681917356255115e-01
-7.078866478648764282e-01
1.198852042275530883e+00
3.310147910031641771e+00
-7.589073407681502514e-01
2.909651424341715975e-01
5.962089427986161372e-02
-3.771455344853473335e+00
-9.308593245764795743e-01
-1.106557395070489891e-01
-1.196303699302835311e+00
-8.449055662665190258e-01
2.131020738549636473e+00
-3.518450109867141684e+00
7.796254490090515077e-01
1.114472986231400231e+00
1.792101934498498306e+00
1.514910939776391796e+00
2.226958199283712414e+00
1.679053502243261109e+00
1.209782462608012032e+00
1.958690699159219561e-01
-1.749196229474394793e+00
-4.464275476329843118e-01
1.427163532361058307e+00
-2.428828016154787051e-01
5.511902839751071648e-01
-1.380061627751799636e-01
-5.574705286471309806e-01
1.640374691784616352e-03
-7.899524009851901507e-01
7.805021210355002070e-01
4.517116112273971140e-01
5.030035604616585942e+00
-1.608711744825225720e+00
-1.063688960690759799e+00
-1.656686265154355686e+00
-7.639867278580284582e-01
-5.314852298425101207e-01
-2.238567884959241638e-01
1.789128079500532875e+00
3.405645118345224653e-01
1.645541737312397501e+00
1.956177006244717020e-01
3.668824014126053967e+00
4.982521429554342962e-01
1.733965663094434451e+00
2.186860690891109515e-01
-2.885658076676106409e-02
-1.705730349060434525e+00
1.966039950753450949e-02
5.003519955611472891e-01
-3.035823696332127786e-01
-2.855658143928844872e+00
1.910163928122459609e+00
-1.388717063634531845e+00
2.796463020876031047e-01
-2.811117449064519658e-01
-2.836911856204642035e+00
-4.227190969588214831e-01
-2.984072298523881006e-01
2.544402339778975564e-01
-9.264321371835113617e-01
-1.308313211351672889e+00
1.454260895109673823e+00
-1.230028024030287215e+00
-2.682807707036551914e+00
3.770132789661340134e-02
-5.606658260195999111e-01
-6.123971348688075356e-01
-8.841022904839797025e-01
1.808183042481481539e-01
-1.187079191813584567e+00
2.563698893976992466e+00
1.358598121353068455e+00
-1.404057648336385133e+00
1.076540700967024478e+00
2.450006280495328204e-01
-1.701220028060366429e+00
1.735899551668102170e+00
-9.684329676650129670e-01
-8.099979191407911117e-01
1.208188876872326345e+00
-1.448621358633899181e-01
-1.591593870325453297e+00
9.334512221686926958e-01
1.144454765097356885e+00
1.916390577512905313e-02
1.537999982242331587e+00
-2.707648449371125476e+00
-7.089825043066013688e-01
3.401651011707505501e-01
4.302322070207081350e-01
4.468360529554415983e+00
7.278825346059765167e-01
-2.213657643617603199e+00
7.339487006367433342e-01
1.121074576515138643e+00
5.363531100898546455e-01
-1.326602302833610469e+00
-2.877595155091545731e-01
3.539253229532344225e+00
1.495752636480671249e+00
-8.819903809797356997e-01
1.166130713114860606e+00
-1.592508407370441192e+00
1.711307637634301715e+00
3.682260469464712305e+00
2.405645022133184874e+00
-2.654677485364578260e+00
1.896004022921751409e+00
-2.697842788699296612e+00
-9.474820519103874794e-01
-1.554928240375573090e+00
9.996988430861664110e-01
1.127130958150282414e+00
-3.752231828269332881e-01
4.238458931682309583e-01
-7.349729159321384264e-01
2.013447297319040097e-01
3.636062332798409624e+00
2.019642546238719361e-01
1.313748232923514614e+00
-3.063686967829213792e+00
-1.205146679082087502e+00
1.136992754207350353e+00
9.442139112451496397e-01
1.638834928482945319e+00
-5.247873613101234902e-01
-3.612394986262991159e-01
-7.167971275438150824e-02
-4.669578909923972621e-01
-1.924375799362299633e+00
9.257319583798721829e-02
-7.093453694711964186e-01
-9.698375971180959176e-01
-2.653699011917778350e+00
-2.281941843871983178e+00
1.853985936631636466e+00
8.395628784436971470e-01
9.088745507492228537e-01
9.031989024165808511e-01
-1.501395386172317270e-01
1.276044222510618109e+00
1.997031220684138964e+00
3.100886850436306297e-01
-1.593846642832755345e+00
-1.653755758234923601e+00
-1.015934973312588419e+00
3.500187320629352672e-01
-4.949731446499540666e-01
1.920922954576198993e+00
-2.932402076659808898e+00
1.264051663807330916e+00
2.145284593532164052e-01
1.795728534278560495e+00
2.311603713829836870e+00
2.737601620960545268e-01
2.335731039129549935e-01
1.583295287340522606e-01
-2.946131981130838406e-01
-8.687922856562902973e-01
-1.415968952191379859e+00
1.418592266308897343e-01
-1.887790489228378554e+00
1.175019535529663095e+00
2.631400572677780936e+00
-2.215106920894144515e+00
-2.877648573720630765e+00
-1.323200599818437295e+00
-4.679846529052554160e+00
1.426464060449808668e+00
-4.534586805199796733e-01
5.668919226716901960e-01
-1.202081449494336818e+00
-6.112124343804218318e-01
1.609417476712653450e+00
-5.796693954103309121e-01
4.627590543516341831e-02
-2.222799586997726173e+00
-7.195364886639189494e-01
-4.621734013392773677e-01
-5.835242228855691549e-01
-3.599059971025506122e-02
-2.152787731896422807e-01
5.675470899802371738e-01
1.932471473234360637e+00
-2.939688132787469099e-01
2.483642078273723186e+00
-5.064013731017283360e-02
2.039497752553772969e+00
-3.063494685056631917e-01
-6.896479820524172855e-01
3.355047381378398974e+00
-3.811419467482020096e-01
-1.919766985801416137e+00
-1.203421748315580242e+00
-1.273892374457691989e+00
-2.233114047174838412e-01
-1.425859918551596328e+00
6.618716195864604579e-02
5.629967995762401589e-01
9.064522211557511921e-01
2.408256085051791562e+00
2.449633562804326203e+00
-7.952083419218514138e-02
8.582605468644284308e-01
5.388606635811850065e-01
1.509877888523478484e+00
-1.749027476966523054e+00
1.032249161172271279e+00
1.611472822539119221e-01
-2.911030097457664390e+00
1.615549285169467275e+00
1.067240398741676310e+00
7.834186251866481765e-01
6.766790236791844215e-01
7.799544684774996073e-01
-2.182336932843792265e+00
2.727997672654247197e+00
-1.098022746768021030e+00
-1.327033218706166862e+00
-3.970066908256461580e-01
1.335566756434334756e+00
2.690830138731232779e+00
1.665035629216887192e-01
1.505195433208982303e+00
7.648697077455672844e-01
-1.050506397349614263e+00
3.670990203447854761e-02
2.495664398639748427e+00
9.398181080071766891e-01
3.642879596407428089e+00
9.533057437844733029e-01
1.809063735189734012e-01
-4.702827630130390624e-01
-5.701174953727969896e-01
3.631205523072671970e-01
7.426193231146227536e-02
-8.141139826806502722e-01
6.761965089643222626e-01
-4.045592808682056507e+00
1.968941266456367689e+00
5.334519889657718394e-03
2.648562537386699223e+00
1.030463298954409357e-01
