-4.325241661187177455e-01
-3.162828894782652722e-01
-4.242389100706204452e+00
1.628317653052610003e+00
-2.501420558707066755e-02
1.245017293531622965e-01
1.445724050764783941e+00
-4.299848530588564088e+00
6.224382826946855962e-01
-6.438843226483312421e+00
4.111270784915450616e-01
2.649309934077931139e+00
-3.409762000051580477e-01
-1.199028955389672468e+00
2.143723638078366633e+00
-7.194710634048945286e-02
5.826755350001380229e-01
8.950204101414176439e-01
-1.121719719220548139e+00
2.494378791552577801e-01
-3.643942715598322835e-01
-1.627340847464012086e+00
6.716999745546921030e-01
-5.011841038126485515e-02
1.745724884353907491e+00
7.401945047861016036e-01
-2.799176885811605064e+00
3.299326691361309516e-01
1.698226904092619005e+00
1.582415145648311761e+00
-4.970987931823963035e-01
-3.035781857229146175e-01
3.985757013951913841e-01
1.235419410527429873e+00
-2.387390514007456943e+00
1.400212453567835080e+00
-2.416869991382156080e+00
9.824460185837915471e-01
1.783829187832079999e-01
1.685978764682949382e+00
-7.920405515997523960e-01
4.047020108738395905e+00
-5.330744200535288968e-01
-1.021069927420426682e+00
1.491079730019642113e+00
-1.224479455096447511e+00
-1.746800073777391216e+00
2.777989750191257601e-01
-1.183358167295492702e+00
-1.680984448745382887e+00
4.561579269778583523e+00
1.051399772525162257e-01
-7.786643579089209677e-01
-2.762918108287982122e+00
-1.508944064774712657e-01
-2.729144154435165781e-01
-5.528338467702060832e-01
2.319731703878120110e-01
-2.051363342075472218e+00
3.191029233229417672e-01
-1.002994326697322025e+00
-1.828998593338779566e+00
1.862664822947764254e+00
-1.188571593216131816e+00
-1.943201484104700727e+00
-1.328821887672068103e+00
-2.987303779427091577e+00
-1.004561483076921391e+00
6.214127748647338967e-01
-2.794798304281298496e-02
-7.050893426735669323e-01
1.772726643675250235e+00
6.560240859149655268e-01
2.169258282974652619e-01
1.610260026192509963e+00
-6.725923607045299901e-01
-2.731964519050548157e-01
-1.570400814085571417e+00
1.134251957738230843e+00
-1.577145971776427125e+00
3.053010523826371170e+00
-2.898508166691887933e+00
-1.386279411556793129e+00
-5.886910263525033660e-01
5.375930961663668572e-01
-1.331088801648509623e+00
-1.677777714237854934e+00
-1.847478954662361783e+00
8.580446612784141669e-01
-6.484572171882412306e-01
-1.125169751446879918e+00
-1.454169555921481116e+00
-4.079285932422942462e-01
-1.923662584831399514e+00
-4.234377689113242860e-01
2.204373320560301330e+00
-2.596144394590409910e+00
-1.465389528086462168e+00
5.435161471624363472e-01
6.573705339773665557e-01
9.568144166388474758e-01
2.593035817320707981e+00
-1.982249437519638668e+00
3.037617862341942310e+00
2.301613467696718818e+00
5.475118362580057019e-01
-2.700517895876351770e-02
-1.735803671775490720e-01
6.956907819743345378e-01
-3.336361633599510323e+00
1.878973983340040066e+00
1.962077354560806119e+00
-1.345304807697591531e-01
9.500037451390352938e-01
-2.225546219434744621e+00
-2.675031334993623666e+00
-6.676617062501306599e-01
-1.022924064506897324e+00
-2.620809001456668508e+00
-1.101226788533627321e+00
-1.056828615506163915e+00
-4.360754001101629362e-01
-3.110911132005961255e-01
-4.323195925214246005e-01
1.034966456206329433e+00
1.328510646758630731e+00
1.672540717707252655e-01
-3.528739620768595042e+00
-1.553092384374895829e+00
-1.485886302674299220e+00
1.089318774318263294e+00
-3.046434482433583391e+00
1.806043163488466829e+00
3.592599831987856596e-01
5.044123411489945807e-01
8.869463479561150443e-01
-1.330499578590649934e+00
3.654005753888904362e+00
3.620455553799589721e-01
-5.620281187506307452e-01
1.478756207452952776e+00
1.219649277060053993e+00
-1.072723547447562709e+00
-1.630249355289635993e+00
-1.755568242158995762e-01
-6.409450792145374165e-03
-4.868406908599172689e-01
2.379867790771667657e+00
-1.120191623326172614e+00
1.831109787392056099e+00
-7.779140659105201472e-01
-6.986896888024309860e-01
-6.602177026090887413e-01
2.068558856836862914e-01
-2.127193637116352232e+00
-1.296652172392558366e+00
3.528856939507537538e-01
-6.843417594935407022e-01
6.612075570176328965e-01
1.548496864468656531e+00
-8.455548383250076627e-01
7.951919829996910716e-01
5.826214806122849144e-01
-8.638037159036416890e-01
-6.327683141867768146e-01
-6.307417533931560794e-01
1.406860428357816328e+00
-9.866800892666773848e-01
1.472449034093973985e+00
-6.454513487732919108e-01
5.467805526206280797e-01
-8.920028615759073576e-01
4.882180336666840370e-01
-1.525583961501367103e+00
1.298245873255201133e+00
9.589159660720691924e-02
-2.330315536338298243e-01
8.321717591454018681e-01
-1.627880202850228164e-01
-1.667454099393702815e+00
3.530109937127395847e-01
-2.485445516805971367e-01
1.025233587028605786e+00
-1.792106920196189002e+00
1.818792659491717534e-01
5.112814386579749293e-01
1.186494844538863891e+00
1.312954906135074928e+00
5.887095497432700553e-01
1.581678385495337791e+00
2.028269829455748852e-01
-2.545167537547173620e+00
1.210430336371397742e+00
-1.443804150618269277e+00
2.020575104726926696e+00
6.405908028323576531e+00
-2.474258436719922738e-01
2.320680144861996030e+00
9.283212542726992922e-01
1.184917453754061656e+00
5.882027325787364536e-02
-2.224934751478438777e+00
5.305847660652340814e-01
-5.062372829649394168e-01
-1.640039115492976096e-01
-1.034074663738157929e+00
1.373289098693626142e+00
1.607717405247058640e+00
-7.745284529439203647e-01
-5.372761825023504301e-01
-1.056127194849623585e+00
-1.159874697748421335e+00
2.173156507671152760e+00
5.394460081598612122e-01
-2.100954736515239674e+00
1.936482095274442594e+00
3.633503278722072238e-02
-2.830810796658405626e-01
2.940420856073893696e-01
-3.060246805420400729e-01
1.059622996311034626e+00
-1.381408608373692337e-01
2.310131304373085115e+00
1.371084923966342295e+00
-7.546133254031710536e-01
4.948382807080794477e-01
1.232930791535918225e+00
1.378295406406888857e+00
-3.413105683588438504e-03
1.009808582559168721e+00
-2.250931458720280443e+00
5.183171396509014262e-01
-1.761674215891641637e+00
1.582544622443981197e+00
4.563904757592146533e-01
-2.529689001104002521e+00
-4.524258688723648003e-01
1.042010371734622520e+00
2.407747488486742249e+00
2.595266027463072334e+00
-2.766158226600824444e-01
-5.967064170036379123e-01
-3.156485798522856157e-01
-6.408268824194238711e-01
1.065284577373904806e+00
-1.031278149385848719e+00
-1.432332438094997329e+00
9.807223997710579066e-02
-2.250667942998092030e+00
-2.010926585500588115e-01
-1.648325083601332175e-01
-2.264501892394858551e+00
9.795087967475346602e-02
4.244915830215535202e+00
1.360576129155095293e+00
6.414195719694092412e-01
2.021897381782593150e+00
2.997537142945764010e+00
-1.910512183419986076e+00
-1.262259077360648130e+00
-1.793635738783850853e-01
3.402200556272587662e-01
-1.265620319028920582e-01
-4.649442975303377246e-01
-1.368437479949442537e-01
