-6.711760836207840697e-01
2.361658546459167951e+00
-1.483703963706245466e+00
-2.982280642190049402e-01
-1.672036180380827020e-01
-1.358567046973164771e+00
-1.030491834358128411e+00
-3.105510817595195094e-01
-1.550759810512045700e+00
5.500822617151666094e-01
-3.491158442055536382e-01
1.322255112239496100e+00
-1.204254950969391308e-01
2.801496688863328366e+00
-1.312784031375365812e+00
-4.238787888966890627e-01
1.338001017749695265e+00
-2.643914484224337835e-01
8.054334354357008952e-01
1.679899252474088334e+00
-1.682891694816206263e+00
-7.771383066598691602e-01
-5.767425181583274441e-02
1.570806350642888205e-01
-2.153731136306524796e-02
1.976303380580121782e+00
9.390856585640734444e-01
-1.899724142255348358e+00
2.648393081287973239e+00
1.563360307234350266e+00
-1.371202308821516613e+00
-2.112541302185216296e-01
4.024148802515904677e+00
-4.542562166050623240e-02
9.635582613719195777e-02
3.580244260322208438e-01
1.477496002307769007e+00
-7.193628354533576630e-01
-9.692104899114006855e-02
-2.671344724837670270e+00
-6.022041207800323814e-01
-3.797958806347111249e+00
-5.682094284475608381e-01
-3.589437118103954161e-01
-2.289383277787239157e-01
-1.247807315085618374e+00
1.924321679053235590e+00
-3.225826583128972302e+00
-2.549870466575313577e-01
1.660065561854922045e-01
1.073630967001363290e+00
2.129486702480124782e-01
-1.402028318516346683e+00
-7.836815263730587677e-01
-1.836328712567245169e+00
-1.431064409829025053e+00
7.784671891405793298e-01
1.753125015829080091e+00
-3.000095569229458969e-01
1.066014968197959600e+00
-3.451272465239958898e+00
1.428130278271208642e+00
-1.122237290595700987e+00
-3.324400969695655572e+00
1.743776006520787736e-01
-1.454510075912439859e+00
-1.417535550937751854e+00
3.811886197147559829e-01
2.030690706026809345e+00
1.453232763120116511e+00
7.976068407311653896e-02
-2.025210724833334253e-01
1.523288930704087107e+00
2.273435088726694087e-01
-1.495676119321729836e+00
9.854525607421397160e-01
1.716722516347098715e+00
-1.536724286108469562e-01
-2.273895536267389161e+00
-3.603819747878670210e+00
-2.802409030052351646e+00
2.008659774421011512e+00
2.878832973908428405e-01
-1.728550490535275319e+00
1.029240590462463967e+00
7.785584954888102871e-01
1.324322085541357108e+00
-9.194094438055108731e-02
1.529420254643415689e+00
-5.658466624621412144e-01
-1.148531339476082547e+00
-7.790940108877257853e-01
-2.122975553117739445e+00
2.022929932521881913e+00
-2.958572736661429503e-01
1.078196777802195694e+00
-3.623937450100091606e+00
2.304480238647900414e+00
2.164911458562676305e+00
8.269393149369861362e-01
-2.567457857729817938e-01
-1.702382440091990912e+00
-3.787673315218920145e+00
-1.578185207390139011e+00
-1.079451816352470672e+00
1.292641602873016771e+00
-5.809079496019605715e-01
1.666070479046404706e+00
8.190972771372140304e-01
-2.943012315704167214e+00
-1.181225084014089433e+00
-5.938354556672735818e-01
9.604886046342918648e-01
1.197941675960880303e+00
2.132998063162472313e-01
2.333393313907113686e+00
-6.426706700168938191e-01
-2.690973656304687545e+00
-9.535815152815052542e-01
-1.740447559983067105e+00
-1.082432478293183564e+00
-1.312209483912222918e+00
1.179182217376188113e+00
1.360928742276988901e+00
6.630792587250582126e-02
1.354140115489929075e-01
-3.595833503727059899e+00
-1.457455481601346525e+00
2.184304526717111283e+00
-2.515706784579813116e-01
-2.146269073023983509e+00
-2.097530358730742339e+00
-2.090217630247597658e+00
1.788042957532336441e-01
-1.759474211695875923e+00
1.061046596515476281e+00
-1.271278515464606906e+00
3.807552752183639422e-01
1.784184523359161612e-01
2.668385327389136696e-01
-2.268333058717538542e+00
-4.905366339299510603e-01
4.199381022741899283e-01
4.203554440407675230e-01
1.152678566007219185e+00
3.579611976648036542e+00
-1.494979909645238081e+00
1.770991248323605216e+00
-4.905820967714309422e-01
-9.870738113965068714e-03
2.067753210634075689e+00
4.759626082845868078e-01
-5.479807274718879739e-01
-2.642423672735064066e+00
1.843392873855709269e+00
-2.131994674430407466e-01
8.574148814966884302e-01
1.133649638371453605e+00
-9.840433978098991341e-01
3.082266876802708833e+00
-2.506452730734650136e-01
-1.405090608997491053e+00
-1.713661327183569894e+00
4.372148979245099043e-01
3.846601374520237093e-01
7.891237607432795009e-01
-1.192458519554399743e+00
-2.995571394374829666e-01
1.355808475534373558e+00
-2.679940876634980818e+00
-4.102686794431854023e-01
1.525360737755981355e-01
-1.990809821669552004e+00
-3.865417233956294218e-01
6.523536303824185589e-01
-6.570480223433178280e-01
-4.951085699162365295e-01
-1.436662156274508551e+00
-8.698504478645866511e-01
6.259189689711627293e-03
-4.798235115604341239e-01
4.702701192393839436e-01
-1.099749008412965967e+00
-2.217969636122901544e+00
1.961636673095307759e-01
3.213644919859716786e+00
2.405051380629948277e+00
1.155633843876515687e+00
-1.433082097888919382e+00
-2.232086263624984301e+00
1.494095697372844977e+00
-7.067398944781211334e-02
2.041070824143707441e+00
2.398322506646002328e-01
-1.128793899663288691e+00
-1.180929929897682085e+00
-1.885485110955692711e+00
-8.104167142548165392e-01
-7.423958164088174660e-01
6.132690272354638372e-01
-4.194263685608203840e-01
7.217750162730441899e-01
1.156037621431284190e+00
9.800324624764328307e-02
1.062204886428622874e+00
7.229427546106788061e-01
9.442458367462797098e-02
2.460514641692337801e+00
-5.261828552490742661e-01
-1.098226102847341679e+00
-1.661791301079480920e+00
-1.065947293734581081e+00
9.099020184899544450e-01
1.054842523659336728e-01
1.353649351476791773e+00
3.411317885658618820e+00
2.439010019980350497e-01
2.336737616455580202e+00
1.378356411872576626e-01
6.074199943134536150e-01
1.964375364772138921e+00
-1.748073567970880315e+00
1.041365775525596948e+00
1.204096745225653464e+00
-5.098892954787019871e-01
9.115883907152422250e-01
-1.089014207742242002e+00
-5.200430663502653150e-02
6.304682980528120151e-02
-9.047827127088187149e-01
-1.177843057862576259e+00
-1.624933286155151535e+00
9.732471302691538817e-01
2.653540380851302505e+00
-1.698679177994849021e-01
-3.757885311095029657e+00
3.382214363406826907e-01
-6.476733326120377721e-02
5.861716458951296005e-01
-1.449900871906123268e+00
-1.516802281648367057e+00
-1.167069096192903332e+00
5.083673686007720072e+00
2.761704093302716156e+00
1.394884777483835769e+00
1.339668816096545534e+00
-3.093282156281733641e+00
-8.889319092496038577e-01
4.262141976581901859e-01
6.550921709777158819e-01
-6.351102831130104320e-01
6.080223357857643673e-01
-4.198595168794009069e+00
5.497300403827413140e-01
3.144439353004086612e+00
-3.455616196648870986e+00
2.068386763232125392e-01
-2.694420031978098873e+00
-6.394228061189244361e-01
-3.714587167950364588e+00
9.064072688826819713e-01
-4.745101601633611166e-02
-1.830356071957630615e+00
1.202826417976141649e+00
-4.171292536066786294e-01
